1.34549792257275e-06 0.000126862390565054 0.000379002736005889 0.00468561973146902 2.2339700882428e-05
5.18510018982942e-07 5.68796399658408e-06 0.000269184067930349 2.40712652386454e-06 3.69931958391991e-06
1.01456337213994e-05 9.89833870204958e-07 2.27139346170732e-05 6.40232329317463e-06 3.0933771120041e-06
3.92945832475347e-05 0.00237751543341792 0.000472890031212034 0.000302441880255005 0.000637541642268343
0.00420748108404313 3.00032178501659e-05 0.00125630793260659 9.40506946140684e-06 1.51612151212553e-05
2.59034879526877e-06 8.66891378558749e-07 0.000279622761491305 4.1369308827837e-06 3.99452111827571e-05
1.50923489679141e-05 0.00132550165322531 2.36599686416075e-06 0.00135197175122270 0.00286560803481571
3.99845974523718e-06 0.00115598238059995 0.00184802290068449 0.000960679918997698 6.83996109011526e-05
0.000514454436238971 0.000156646284231957 0.000588888906879337 0.000733222768253646 0.000125517220264197
2.43150304463430e-07 7.8314671613399e-06 7.8513325878247e-06 8.47473868620046e-05 4.78949029671527e-06
0.218280824910841 5.18091689735444e-06 0.00169812947702182 0.00111501134361400 2.93849933974031e-06
8.0928207044375e-07 0.000247119003561957 0.000102604159455269 1.06397589948310e-06 1.76011482648043e-06
2.15533029664065e-06 7.8992958599345e-05 0.0150295674058358 1.20063929430806e-06 0.00144569647154974
2.1471462126623e-07 0.00385959742381611 0.00071001671829134 0.0201813212809558 0.132820920380253
5.8041640659221e-07 3.42959880961531e-05 6.82098856760512e-06 8.31561239872357e-06 7.21884119544219e-05
3.67862679056112e-05 6.91915220835913e-05 0.000683110579675565 8.08450862759021e-06 3.37251700854485e-05
5.28408809346834e-06 2.62942447573798e-06 6.96094015380295e-06 4.12497007185334e-06 3.28029953618929e-06
1.49462842311696e-06 0.000551379982721277 0.00496202725545969 0.0577436411385345 0.00109958401777704
4.93914570554001e-06 0.111003813960072 0.0272905102865453 4.74218811499343e-06 0.000956291879038705
1.04772757861239e-06 1.34887815757567e-06 5.61461172857744e-06 8.39296455397889e-05 1.40304991922302e-06
1.53643237533229e-05 9.58523678008187e-06 0.000126803598642204 0.000547667082898868 3.29413844025247e-05
4.5114727826099e-07 0.00136917170793179 0.000248264651630977 3.73458421220342e-06 6.65242855189699e-06
3.58253138947965e-06 0.000143885696580379 0.000300273749470302 7.9622450542294e-06 9.34705614983788e-05
