69.3782767838852 33.9591672944131 76.4248323536696 18.6170578325208 175.493942639195
164.081744072586 48.7155238056438 15.84186041643 46.0173532833301 30.3223942635622
9.16915569971079 80.9564081380497 33.1834060494931 23.8452002058693 45.8487535400432
199.953622079673 11.7126527588857 19.5795402581671 21.0942760681011 13.6204306343153
35.0025209522286 107.859395516477 10.3700248153446 17.2279761582004 76.22005595498
33.2523169869556 65.414208091107 20.6920130771742 30.2911680524876 10.0444909691229
5.62543873052323 122.016596811000 39.5212505151528 53.7056332863051 99.2027376339737
16.5465619103712 13.6566024071946 18.53216444827 65.816339720834 80.3193630897591
43.5531047268201 40.7789485969216 14.8228442585807 108.862062402860 17.1221286452943
334.674848963772 12.3170322415012 77.2321014322977 18.2433450605349 93.1650716644456
3.7605208364304 15.4584246671748 31.8795665520626 12.9767395887799 41.6625654810481
75.8646421567502 44.5045011954355 51.267864931436 81.0635912981477 52.9303172650828
49.880009190452 10.7577879789715 19.4095345238681 58.8799180630859 26.8554409437323
513.037346728603 14.8522805517539 28.4978189413421 8.7270655119003 4.47791667062889
140.953212590722 9.5189444036883 24.8006745153567 12.8463134837139 12.5976958796291
2.26648980367564 14.5400430822266 37.1800557800279 16.1478211511515 16.6342737615680
17.6461783400161 28.4165535575416 33.0686221607561 25.4231124521871 28.9224301500731
33.0610067368244 25.1003229083782 30.2056999493215 8.24369864995018 21.7673939787973
14.5916866395851 6.10481157695444 12.0581940750768 26.7034275138591 33.3433384891926
70.4798524870904 56.133699969886 104.855763013671 30.17046111711 61.6448908504759
6.26032554475489 44.3597351521785 36.1292860889931 33.8473972507410 9.24350359334779
200.251427910949 9.48271946302934 22.2571313852621 56.3972920445409 15.7508130029485
29.4227705302713 31.6226768904312 24.8818337334310 14.3153760164033 16.4361435252882
