0.306597051699239 0.0162640730504568 0.00408075777756037 0.272800937108259 0.384587296712166 0.0392227648911858 2.42286151897563 0.472699129463129 0.138224283503841 0.00759803429159954 0.749216123598478 0.140514314137283 1.62234673365779 1.93981778075337 0.00984721156807888 0.227057045451680 0.00201902616877076 1.53718751861233 5.35648609337918 0.00350184218506871 0.0468720554278368 0.217980805142169 0.0562199014024051
0.485140507741733 0.0317222698932483 0.0124650899982597 0.354145617900152 0.298383374991366 0.085595927749304 0.571245739845233 0.369545286960492 0.129913284943780 0.0139410110645517 0.973305863674582 0.110713024087607 3.27105239808301 0.898380662343179 0.00367061682306831 0.388348170290344 0.00346161479247212 2.01714718914549 5.77932228740083 0.0127030324699266 0.0467542158509894 0.0897352689895055 0.108802391505995
0.193559629977345 0.0204629500659215 0.00731665987638467 0.162299469453508 0.383148600004189 0.052524479239315 1.13225454720611 0.396593474909738 0.0431167813167887 0.00429682838763349 0.809308530598307 0.0431667689082185 1.55972018266710 1.74666520077760 0.00548776517884314 0.305314597120247 0.00268765087017809 0.693532614394418 2.81431750238117 0.00516529981285488 0.0715678462856396 0.0867512967542958 0.0768603246825709
1.03752319775001 0.0441350746713433 0.0184615905762347 0.431496081379042 0.853066082215171 0.111665612141177 2.72549454712328 1.64153727752527 0.324342186108946 0.0114237148525098 2.0691785742581 0.281116134354635 4.98873173992054 3.35341118813145 0.0176767595848255 0.751908099051635 0.00522137031899734 4.34872901631913 8.68731906972473 0.0189904588581045 0.151899261856296 0.256568699994975 0.167559486532141
0.144399396170260 0.032472149071308 0.00614572619732727 0.291769224537381 0.340476837698068 0.0335631375052011 3.38223364261209 0.382654439324022 0.173149018253953 0.0072068879339155 0.999035257526586 0.0929029452006498 1.40138193708127 1.51234897404737 0.00480407913402079 0.281300954425452 0.00122035677563381 0.996312477007286 4.92694201515855 0.0066263153086393 0.0515645757749155 0.120950954106918 0.0901193383358526
0.372901292205795 0.0503865030634818 0.00601557222433656 0.327057437169311 0.266018644149597 0.097813612564575 1.77990696481741 0.332513703649559 0.113397834668820 0.0136621118261060 0.878791752377182 0.117805708184886 2.43720367347045 3.38482692583655 0.0043750098398199 0.411200942807868 0.0025711301890017 2.1943533009729 5.07574724008321 0.00688767857112915 0.0277293157060139 0.104479259145226 0.073429734055863
1.25223178190124 0.0535971021487088 0.0110155444224466 0.442408455078043 0.571539503325657 0.0715057978960573 4.26014639222655 0.888003818422647 0.290663154369326 0.01625664762656 2.74730382288616 0.106431618847507 4.5181804795513 5.40713940720802 0.00611611910048529 0.321645837807153 0.00564882931401029 1.64410826394579 4.11696289825893 0.0161926935719890 0.076213272875418 0.240241996771002 0.102809974397288
0.289404366670622 0.0340299063504100 0.00497844348966002 0.185078231383621 0.264914288677558 0.0340432119551251 0.833745626782322 0.367719076849875 0.120650297946790 0.00840190198402786 0.372039995651103 0.0498271977245745 2.14103580783351 1.90610843300605 0.00380489416077451 0.137626231605608 0.00183836992517574 0.738537050058268 5.68672242308491 0.0121781986244363 0.0450093196628872 0.132105258530603 0.0635604502981664
0.381843430239113 0.0198123862786178 0.00769602021770637 0.341280772989197 0.310580326255791 0.076972396580798 2.40269616040591 0.960329215913874 0.107329472813320 0.0144917653723785 0.62405955707171 0.0772294096570301 1.70369158415266 2.02052947274001 0.00779759312703187 0.195859466614903 0.00131683223296206 1.14237295387372 5.73227687897737 0.0067392134910154 0.0734272044872124 0.10294064656028 0.073041536868704
0.391002719122146 0.0404993810209636 0.0180464768752435 0.25835452067244 0.381314243899104 0.0571569336438192 2.45449556465823 0.471502576448768 0.282692449167956 0.00907884251958467 0.795379114685839 0.0838284759698345 3.64279214045155 2.72182065804895 0.0110340483454801 0.390029079372731 0.00434543783457051 1.19369264903151 4.28723534864361 0.00662012800986718 0.0552947104256422 0.0737023172034948 0.0845366019950337
0.399696687879156 0.0297786504413155 0.00804796989168502 0.223472876918091 0.261116868253582 0.0418931520074967 1.94004803921721 0.464392366712702 0.152427786828078 0.00571948615940174 0.683695550557268 0.103394353717237 2.78077903026910 1.56833320582528 0.00558095443654299 0.354183901482081 0.00215916618950916 2.39444212872309 4.76010879745725 0.00609006935752672 0.0451731702665812 0.0896646561846496 0.0594383664426362
0.941461918614145 0.0473132405477598 0.00638372895600571 0.534044218704881 0.216342880264777 0.0873562797383736 1.57760161693740 0.525235069188582 0.158659072725559 0.0154873164135733 1.10523814961711 0.123778558864727 3.54981475443518 2.33096531738189 0.00899457595296475 0.70833647210011 0.00237324039300472 2.89921277035807 6.99519843251782 0.0179203056618580 0.128424578615009 0.267417194959592 0.146889537558329
1.07159914834753 0.0854581767528452 0.0226994488082006 0.681672608890655 0.841522502832822 0.220548163900016 2.96908857558888 0.501639904801341 0.397781284228854 0.0168758565399860 3.56639588475401 0.329115764153304 6.25514897415422 7.45965997108105 0.009368625333894 0.689583763991475 0.0045003130538123 2.72520199447909 15.8419924968023 0.0168256931106576 0.131059112323519 0.443211742327337 0.138024976737172
0.206464370239401 0.0350823398913471 0.00371695811627852 0.295917061996476 0.276162407119236 0.0310123663597717 4.25588213433915 0.518917069757947 0.156270546440442 0.0110162030553612 0.843574708883843 0.133940813186826 3.00921652120606 2.3803579024549 0.00680622795884712 0.328901834794304 0.00159445612552135 0.793373612711065 2.46282785237947 0.0058280454282246 0.0389311900515389 0.233896908797469 0.0940149707246225
0.344839961187231 0.018187827251003 0.00383077144806371 0.415958168677612 0.489646153486529 0.0414610478907844 1.22927379164273 0.456048950645156 0.164355376694368 0.0115777030973075 1.34177330369306 0.120981470318649 2.24503050281358 2.40713732842962 0.0037423963052411 0.230457267130033 0.00319718006245654 2.87019433778818 3.87372959932309 0.0089244316728088 0.0462263718346015 0.0837581605061223 0.0613783153127327
0.107387919277069 0.0096546376348127 0.00358143630260997 0.201867316242308 0.433592975151638 0.0271404101456904 1.66755705697474 0.322082708970964 0.112488865480366 0.0048726327566650 0.93358266307023 0.0895858540900323 1.14761200965182 2.28231032083516 0.00590245346649168 0.09508892137977 0.0008447898738207 0.888360958644756 1.62874599176649 0.00542724128240117 0.0438888367002594 0.083079908195577 0.0303397334084698
0.364953765213696 0.0230352194114366 0.0105194093607391 0.161226364218720 0.27858065375544 0.0833671341656911 0.296650067300666 0.620664373861437 0.124523124748156 0.00740767103757871 1.28514497684593 0.0995424583302426 2.49503479268584 0.119063045187662 0.00203705800878395 0.156709099926163 0.00233598260127474 1.18466732876869 2.79193233200814 0.00519935308709918 0.0618978100988906 0.0448601280359227 0.0595557159429087
0.604196782868066 0.0337543130284939 0.0081527158954194 0.268924571038233 0.307037133553574 0.0790535298105267 1.49639248736851 0.535375984778117 0.103565271441215 0.00775991755110246 0.566185265426992 0.104621747941971 2.30920668475029 1.84789970648864 0.00491877193204104 0.389071218551732 0.00182692467566257 2.08117233827991 5.55573336525863 0.00955175506203392 0.0609746542364261 0.230132683257097 0.150273803620725
0.477296162993403 0.0393865505260710 0.00850557951822507 0.176764936951760 0.268476387250567 0.104537737923417 0.296242385960640 0.466683398596003 0.136667083304300 0.00769386031951652 0.497863432923634 0.118692706566863 3.72636052571119 0.448702116750655 0.00259031056884431 0.312502184829648 0.00381793541986026 1.41791835712271 2.49036256426444 0.00659468127000428 0.0669583362852262 0.0713394062754084 0.103166952790761
0.185989008368146 0.0152510221099721 0.00724869920029497 0.101123366069169 0.305151103861066 0.0321049604131655 1.86015904886350 0.245428992957373 0.156181687199536 0.00839776853438232 0.872118461792711 0.0524126673955507 2.84254231143817 1.8200592232101 0.00417437055444368 0.130444759306378 0.00172643868724449 1.19901068622449 2.62054146645059 0.00324232571465725 0.0274628692354535 0.0908768822029915 0.0677442438912258
0.436838963195644 0.00966500937689123 0.00185051261749646 0.246460426413157 0.189418905752817 0.0178631913084043 1.75485907386863 0.308735286691945 0.282355323088528 0.00415854985219568 0.513497727962881 0.123751263016017 0.90660471767131 2.80719427977961 0.00489034489065383 0.110662409670959 0.000909847903280727 1.01835919252917 6.76897815636557 0.00316132388167009 0.0534518955523175 0.148370915734308 0.034375976511106
0.394517985731202 0.0184192340418795 0.00231232356121895 0.274057127124066 0.245787877005220 0.0224183077638265 1.41527439310557 0.300284424971703 0.296046421728841 0.00702031793180281 0.621198147077096 0.0881899771098381 1.09673098755222 1.65054677143477 0.00626003706135213 0.0930874348536566 0.000987987365936268 1.42155579171991 6.70171611838052 0.0047777198571978 0.0604557336690884 0.146659707739065 0.0756862901009069
0.136396167745467 0.0193253489834002 0.00195887392716137 0.195101927137785 0.438526771124749 0.0374563497062491 1.38570961993825 0.166585802523746 0.051949638972862 0.00302697848420431 1.31710108699863 0.0346840908692819 0.887856063369559 1.17527532359342 0.0043325197363869 0.148898109032654 0.00109436684181304 0.560170580715817 1.41714110468309 0.00329409623411313 0.0234308040274686 0.0343278251970917 0.0277214428490967
0.184041776968883 0.0175398025954622 0.0044978011370544 0.105393785636229 0.422849999510192 0.0352637677205296 2.9440438921423 0.302608000451928 0.177213526284922 0.00904355628487766 0.896047538337532 0.0755649313237296 1.24456128986529 2.83032772268354 0.0049681544903353 0.197005402323486 0.00173293377258591 1.96688718414009 2.5114801123098 0.00611334363415252 0.0419888261412371 0.0753221986248202 0.0643473343976202
0.48088107487907 0.0201265147863021 0.00420094544408527 0.366608318706383 1.20682834536328 0.0288828219962495 2.32719209284302 0.933064188574679 0.396648347702795 0.0128644716915502 2.79382617822491 0.120460920203399 1.18372031938867 2.74948145094646 0.00678728649603217 0.161513287302743 0.00189475953590216 1.67600663155428 4.92661254899833 0.0102423037688728 0.0398139312838558 0.119894680285783 0.0828074452196456
0.350503345028013 0.0253259431943414 0.00800828611897213 0.131134334365628 0.173922288939996 0.0466883747066777 2.15516688960943 0.514444318010677 0.150437745937408 0.00615871469157467 0.499183263844231 0.0549223368712777 1.97897632538310 1.92483032183897 0.00555372716015775 0.183511626488964 0.000859864545865123 1.28196311771438 1.84131059064993 0.00826964656809433 0.0481900922928588 0.0796687434384506 0.0638038891838342
0.176743616500195 0.0146919706803424 0.00198064238241066 0.274330149336249 0.338037885517589 0.0236193258619988 2.02673568727247 0.28654611377646 0.254198019758397 0.00331073064479558 0.945976304927483 0.126857045280685 0.730653229338964 2.94231249306274 0.0064637748775281 0.0931473598944507 0.000987410735846392 1.08447361539891 4.17164309049622 0.00527914843821024 0.0424877577289995 0.126616275402842 0.055943532334382
0.318481509057079 0.0144327514269889 0.00830611577492521 0.188606849445211 0.341025610155086 0.0377517010956191 1.95329914527369 0.578413453036945 0.140200686499475 0.00877397016919363 0.861226488775957 0.0883891714472738 2.29093659667314 1.56934448070812 0.00543388077604478 0.196084613128981 0.00180417886539838 1.26057700801817 2.15124791235186 0.00688982767764701 0.0503524213065848 0.072706635311674 0.100680933672804
0.397485045543433 0.0305057260186974 0.0103787685511576 0.203685704578836 0.264840964570512 0.0366874529542906 2.02122269948670 0.381063511289444 0.131287653975517 0.0096987096140292 0.979655867966121 0.149638955060788 2.17399711669904 3.07641374867618 0.00802815686153022 0.193134305040696 0.00242147543394735 1.37496418772397 4.84979735210891 0.00715991832837571 0.036163453571667 0.106032111192482 0.0667692900670683
0.261611530891563 0.0135366919451345 0.00364091829526595 0.226355873166330 0.103929903123388 0.0134484391186829 1.83441867387927 0.362683038445355 0.164688636380796 0.0082378524941179 0.62478925295952 0.0703503633378334 0.838471772598947 2.75976338044472 0.00457432070939721 0.121975992648049 0.000962154968665306 1.60980163114914 4.58626618404165 0.0062382494043237 0.0413153585161669 0.0881017199062464 0.0462521296813015
0.121690450002763 0.00858032813127883 0.00287282265086858 0.105348237922335 0.107567771200887 0.0296998923617779 0.90390861561202 0.158726879981052 0.0550429898027967 0.00518524978850118 0.545778248018887 0.0481730090643447 1.03781929983053 2.42278572706049 0.00358024245170550 0.0644097440370264 0.000698909219434468 0.53543114821318 2.21798818361933 0.00391748430740362 0.0158389935118514 0.0387239281445271 0.0329423457709538
0.428631724147467 0.0352815819588747 0.00627169367367988 0.37834938070747 0.621152236311969 0.0452648442996863 3.33681886943052 0.484409487334063 0.332325916504929 0.00725724500596422 3.02933273041852 0.147766077203502 3.66458796705278 5.07379573671634 0.00844629580408276 0.289851042358048 0.00250260684840189 1.89450247125299 6.92784694216292 0.00919666211419335 0.0954728258129797 0.196602253731399 0.093946848184849
0.176233933342529 0.0351156100615606 0.006297883612742 0.254508222651179 0.254397212012588 0.0381119982118317 0.78372331051464 0.428795014329902 0.191614819520011 0.00764454019568776 0.388287725542901 0.149945922032807 1.73248621307159 0.473822724645988 0.00277795606505437 0.188643713583678 0.00228802062570891 1.89880210774396 4.59468106840622 0.00544042921881004 0.0643845942351853 0.0921214385821324 0.105374246421063
0.260006933566091 0.0249618265371875 0.00629037302600142 0.526125195869708 0.278412076895200 0.0660631121736312 1.57606477470485 0.798303602575127 0.253836361062697 0.0088167673895853 0.423066982826016 0.184390543317656 1.10057575739404 0.779694080842721 0.00808122372852092 0.195387344473917 0.00170177782723952 1.3500911581353 9.09506469509741 0.00783691485112046 0.0399389801457099 0.169756012799809 0.109759971617929
0.243758907534656 0.0105780266180852 0.00199284662350973 0.373819946466509 0.549889185390945 0.0178220315506256 2.99483040825823 0.400525608287148 0.331605386651964 0.00522034160035219 2.62069139187775 0.120770711671464 0.455182414508445 2.36222919667259 0.00574813884693716 0.108736461668321 0.00142979864864846 1.38298481171861 4.2707233737432 0.00621859377901211 0.0331683809194446 0.220734102047292 0.113586286778762
0.442568703932286 0.0313799926512667 0.00342334311043004 0.328838756359089 0.337825077759877 0.0405588577383025 3.95110927764693 0.414741827842226 0.254681950051665 0.0074740244465651 0.85212190084211 0.077000380610097 1.77493044996186 3.98653979158812 0.00586668785534728 0.191208958171988 0.00145930291517974 2.8331139564669 4.42960143162148 0.00772357557265374 0.0457007755066571 0.14796951087291 0.0881804621600322
0.488921360075143 0.00355626278781104 0.000898415538592866 0.179969942863225 0.0567098611396448 0.00715954883047518 2.78616355730293 0.365601916742467 0.161036860934751 0.0054178205277971 0.0648488605717353 0.125819362667943 0.328461757668085 1.81419451607523 0.00252860474371787 0.0327824099823031 0.000354031376657093 1.10481343875337 3.78559506599888 0.00395885291467786 0.0384120196498667 0.137959972961986 0.026563622234095
0.498564619219779 0.0426281195066346 0.0127784937238714 0.198757077925163 0.334515887796749 0.0916621261897409 2.05709717604264 0.594912499642249 0.214726755554356 0.0152248095407627 1.06156573214262 0.190286288517883 3.09048737842917 3.18189540341003 0.00808462637532112 0.382088666539777 0.00383909670961331 1.55897571285185 6.47160951347712 0.0115522790981481 0.0922075081465728 0.132374589471172 0.124786294581806
0.560165418095428 0.0352744295975557 0.0096763425289914 0.451157774584860 0.409472244345544 0.0760351810886787 3.71555127066614 0.52871549660842 0.255137968099510 0.0162269391781396 1.12266719923128 0.166458965501664 1.81743815017208 4.26234080881853 0.00921078919320604 0.334372007868231 0.00241773710180964 1.62646304689992 14.7859637487113 0.00783988339847605 0.0549705951108324 0.149040945897881 0.101853846107645
0.241183488436524 0.0190867254109056 0.00842632569062423 0.344123877159149 0.273495666654721 0.0379951751465988 2.07558266573942 0.873639426062029 0.110786683650133 0.0107139780504599 0.652337021481601 0.136089935397234 1.80967525383102 1.34712483616577 0.00786864287076157 0.21111048033237 0.00279803284088102 1.1409541333786 4.7475401482866 0.0109932811518195 0.0598184969740736 0.130323911104925 0.0856234643205898
0.245835109822106 0.0151681502039358 0.00382892699975797 0.457774207824492 0.685754410542067 0.0487495559172092 2.38978648555006 0.342810719265036 0.190269685678892 0.00591266788472497 2.00242819976783 0.130371428711099 1.78349823406259 3.62544771591262 0.0116490489182244 0.174087590018407 0.00197726229692950 0.588444604196173 3.91842544892621 0.00748497938978677 0.0618183779088905 0.152634556532296 0.0847709812493936
0.353078091610672 0.0380839088423700 0.0100094156197642 0.766672641249878 1.42228401484947 0.0634923483427608 5.15883133683172 0.59963570281899 0.545664208891085 0.0189109241882613 3.60529352291442 0.232015511235636 2.24107019474894 8.3678890395289 0.0128605182268765 0.259206858937639 0.00240933268668863 4.93043173124784 14.4881334119220 0.0108518690935613 0.0561215478256012 0.388770227187715 0.157644712808314
0.0796539067660655 0.00427066087887367 0.00124952100181300 0.464458568316008 0.094667271810761 0.00992791547899547 1.37328775116735 0.197199872394210 0.101843678197778 0.00320396350437954 0.292439654786977 0.0838687913703338 0.430302677879628 1.05019783764111 0.00240152722878888 0.0234333217357847 0.000325734276842312 0.505248435616318 6.46977342827164 0.00222407816105562 0.0111227934806619 0.116831941597064 0.0279157834901073
0.171964927650973 0.0119967565191926 0.00366156189951682 0.258615355152337 0.574841311139963 0.02067220254248 2.44496381628641 0.30900071690027 0.122120168168027 0.00367879684096719 0.774336956748742 0.134027277292176 0.574890528345912 3.28339850051024 0.00372567137655910 0.111091300640322 0.00098990548738874 0.310893002757282 4.94576402158036 0.00218492982082402 0.0265102074400833 0.131691638208087 0.112359466265826
0.814085839740827 0.0436888615937643 0.00549482929357803 0.865892650522009 1.14329469012324 0.0573366090473207 5.01911103993449 1.50969380473783 0.768560177040416 0.0142999010385731 3.32935405735146 0.315143743745748 2.72829996467939 3.73389213967734 0.00987510316655956 0.283900017695906 0.00274403341851844 3.65711133528319 24.4860305065464 0.0158682211858454 0.094706047529206 0.513973869837177 0.138556177798935
1.03514252828055 0.0533471021746077 0.0131547919734560 0.81683579244305 0.931471186838463 0.113616716059615 3.21553093865775 1.26083242290328 0.658663740178352 0.0171489741829544 2.12101879783714 0.155234045449262 5.46274161555946 7.39924681143467 0.0130443623612916 0.578726855156611 0.00703939335501862 3.66981848378597 10.4726346520635 0.0217985154042551 0.150866240355580 0.253380020478111 0.178901540923151
0.58571641971166 0.0304383724386384 0.00717353781494388 0.448096416116177 0.987069303416858 0.0306082360196837 2.84347801126543 0.787837793837665 0.406989535196966 0.0291142452129776 2.00423697781449 0.169845132052016 1.76460051999082 2.65242043984263 0.00736369345360104 0.143391509585482 0.00123540403510334 4.30214561591673 4.20835704462008 0.00853922051064299 0.172374229222361 0.185698890496631 0.0501601367465048
0.668575372128094 0.035183262494524 0.00990741814196029 0.76855712888019 0.342537797653163 0.0417957315981095 5.39648709441755 1.10776992861815 0.437082816834844 0.0185431616970279 1.29502074276578 0.197424735426820 1.70672139770617 9.41139066321987 0.0127063358087377 0.216235457932077 0.00171721941648656 2.41497069415505 9.78229664909108 0.00887816227235831 0.104503931509161 0.291446749888297 0.098323171067027
0.689438395777082 0.0411877262322296 0.00805547681425418 0.284697602310626 0.697716462095556 0.05004787422165 3.44753746135216 0.659967117987027 0.173799373306523 0.00768707588719465 0.898568714552397 0.0699997808615278 2.22231443953227 4.49274773668168 0.0092468526604764 0.217132922059147 0.00230542803883812 1.49204097275517 9.92529671863524 0.00799285170140752 0.108931787562625 0.218750915192822 0.0713727963911388
0.135334670428393 0.00727482713514932 0.00158667986244455 0.109629849549232 0.777722909699953 0.014656071066403 0.650865481866222 0.106422311538445 0.104681699381839 0.0024327238087358 1.41290290804104 0.0154763060875114 1.12158914706222 0.997963278333063 0.00289454194083183 0.0839787413921604 0.000592873331703493 0.307704855812599 0.99795170929484 0.00186648666973746 0.0103099582544871 0.0219862035814132 0.0232160684599984
0.335657195650762 0.0166264070931624 0.00236925237263428 0.466872339852567 0.430162800971776 0.0294190732422728 4.32916792008728 0.294187495267341 0.196663715807102 0.0072985697908331 1.1925884905122 0.193994933951744 1.8644241462372 6.15806730411853 0.0073449682609481 0.122334429384091 0.00119935627042163 1.15896717311467 5.48149865229726 0.00330272683921158 0.041414731144036 0.26946170599451 0.115557524550026
0.432913385440235 0.0227544246040329 0.00515251415001221 0.488055063655358 0.269018949028637 0.0505945920352225 2.90396152174086 0.353032604407972 0.116917687854577 0.0092868940678156 0.379323393337669 0.240347482382735 1.57785672086228 1.39624553685605 0.0093492901130399 0.173164977972962 0.0011786394568451 1.06393096533845 14.1886893578506 0.00499408833204548 0.0393121771825033 0.307850828017297 0.161282836177531
0.734082047467375 0.0344533162408134 0.0150242465890061 0.551452769389904 0.719661485776615 0.0556885476850967 4.63165165792682 0.726915390422967 0.392687357880814 0.0150899605942868 2.91619471873565 0.271111406914862 4.01996919005548 5.17342748402154 0.0153608175227971 0.468058102802381 0.0029202870780444 2.51841601150333 9.98531691459327 0.0136464843142328 0.0631400471219938 0.435523164185091 0.161139158697031
0.231756969406787 0.00732651718912184 0.00106637048558843 0.231850011689305 0.321997582317201 0.0130706246753191 1.03004828072734 0.135161687320165 0.0703273608931357 0.00844768730924228 0.390833755977554 0.0983365072025148 0.789768968370612 1.05201473923564 0.00315730768277898 0.0493898708400654 0.000386124769760573 0.944701436934005 3.94226280456817 0.00227405442150320 0.030106048971106 0.0940043663244805 0.042221092483191
0.50664535736739 0.0268104028880926 0.0121212028496428 0.646524426831612 0.60324107639993 0.0647110371865573 3.23710468518852 1.24535085053535 0.360231926579115 0.0102866707444755 1.44314849482336 0.347844470708583 3.24910899831364 3.98594286726530 0.00915569033869661 0.334551852724162 0.00243247013694511 2.04102288683712 15.4922188659383 0.00658693228860592 0.0641397748563394 0.373320766313205 0.140714690123795
0.432702337056428 0.0679444965547068 0.00809918377013674 0.366169114487374 0.429736876218416 0.0542949616324227 2.16978316998367 0.596810754200838 0.193707402330194 0.0082561315075221 1.08618335308535 0.0872816651379848 1.76946833014444 5.76054137391249 0.011937965063565 0.347268281937167 0.00274602979446546 1.47052041744017 6.22890313609922 0.0108573802301139 0.0880678430692848 0.237799341914483 0.145226522374405
0.427659178848456 0.0301156671027395 0.00450008724268879 0.533645421810032 0.304859662435365 0.0624203477097104 3.38162897902646 0.499389536756011 0.126549725155225 0.00869105818527834 0.457692349701296 0.108855743567468 1.50389331377566 3.03883310615908 0.00916942457051995 0.233334475078965 0.00287738415324154 2.27175498932827 8.80171792754957 0.00520529366995909 0.0553187578829287 0.144827052481992 0.121132436972262
0.523058369163276 0.0431642797001398 0.0103158664791076 0.512018869742808 0.910952958794102 0.0655361514246951 5.55862018800868 0.564948191012865 0.149147765812241 0.0177108915929215 1.95206194317315 0.235239230188038 4.71511487012141 9.41991147473273 0.00982217341777194 0.394247282441672 0.00393933228173627 1.81259467597503 11.3708300319107 0.00549205543405768 0.0917190720163375 0.276900283158819 0.179865398072437
0.356561474425567 0.024845425225405 0.00821692031072029 0.772000701671386 0.54395767730114 0.0678909494895596 3.21669532164508 0.611798482348411 0.139085907296581 0.0119320616664161 0.844839324955301 0.318138019133284 2.58729948436074 2.03564923018630 0.00757378880221025 0.300910801918067 0.0028315955727341 1.55046386340573 10.5075326316905 0.00758948691111946 0.053304897197598 0.267478011121506 0.156366012953859
0.222912958383355 0.0323412224502924 0.00408038503280068 0.289953488262827 0.364073168705555 0.0347547500534710 3.39641060909252 0.451806945892263 0.0954157474304873 0.0111431260882846 1.20516570874422 0.0865329912356857 1.60487884471351 5.18765663932945 0.0177969271913385 0.149570163093686 0.00303259517496173 1.59246890168863 6.62487179361906 0.00945489626349144 0.0418819399384791 0.156213498642270 0.114476020743045
0.709602855852058 0.0556926259329166 0.0112187094169276 1.01938865062657 0.36673998583338 0.0509183856598171 7.3925716161012 0.801404272828248 0.352783321013331 0.0185206652440045 0.915295571957078 0.659903938025415 3.32696062787023 6.66929799124497 0.0203012112650887 0.386520708034394 0.00293362105934733 2.63429104036820 14.5434403475271 0.00736937398324184 0.0521222140473093 0.507128698959763 0.325668242438866
0.431926767199035 0.040306944973184 0.00844963224710415 0.303266038853472 0.279637971525741 0.0480677525916655 1.76188762819221 0.33357236775234 0.165966141922626 0.00737752791419457 0.569212055346633 0.0755943063822326 1.68069644915087 2.80575047442861 0.0111092402941215 0.137773127634459 0.00275508945659591 1.03498985761994 7.10636037140393 0.00305083615486162 0.0351429820694553 0.129133732281758 0.0545027419223941
0.585990203089433 0.0264431260209305 0.00568486179561783 0.841061025797483 0.573533324735322 0.0804981673320567 6.91060795052351 1.75175833407298 0.575134163306257 0.0185560351987768 1.62883646752613 0.285372717697485 2.13430331941181 3.48737434529187 0.0226320904336490 0.273127990596449 0.00357327926691931 4.92608602641828 12.8145946062936 0.0181806413008432 0.0980281303662046 0.651255986054982 0.227611349385619
0.157922684994114 0.0131856701983226 0.00319179685023976 0.0921337500923164 0.358375668628396 0.0183305950868633 0.975836683844793 0.135814300472083 0.0777931139258136 0.0039635273895854 0.871312459038046 0.0350568334604063 1.31624030422493 1.30715242378344 0.00262621890987354 0.108719181073806 0.000684345900133217 0.715556589472432 1.93004073718546 0.00219881713698171 0.0283231579053904 0.0425691896970187 0.0332395827087027
0.207400438803065 0.0262601566459273 0.00440442857280145 0.466865341998667 1.33131083386747 0.0165720906642373 2.07541478354537 0.190057041867133 0.291367253376697 0.00516768943933473 3.89022255047551 0.190210471055839 1.75906550333624 2.1527525572002 0.0097183831534751 0.120024941258032 0.000859381486668818 0.574644517882849 5.64717399760427 0.00219530814286317 0.0348264082267669 0.0978529283115938 0.0902506038249006
0.228883573770014 0.0349062161689589 0.00376809339760941 0.284525673093932 0.510640977585952 0.0534028826582112 0.819461989769579 0.438818407695304 0.103463715004116 0.00806454413607825 1.12700871116809 0.095447202850742 0.984565490464186 0.871476805134305 0.00696819134217235 0.157942415390767 0.00132639380135543 1.48628252654479 3.73154588999855 0.00449498616291309 0.0706932801450823 0.0885555886104851 0.0537862434816757
0.48695401935801 0.0330498389468519 0.00912572241146097 0.388994897278145 0.218699944911817 0.0595163869378763 2.29344221515287 0.780432729410864 0.380930255563974 0.0101099633418553 0.790915624013559 0.137222870869214 3.55451768040298 1.92882341272206 0.0048350120144476 0.627722338574505 0.00318755855334067 1.85940192885864 14.9149995018048 0.00811265981149746 0.103743141746016 0.246245807187069 0.0920994295027242
0.191240286570470 0.0207031104288997 0.00416000495086781 0.1342259771975 0.344988384397575 0.0312354342916531 1.06027665728800 0.128323018647202 0.0709098989383934 0.00873441666598026 0.427540740936101 0.050595199491057 1.22122726384091 1.02172592924536 0.00398186660070546 0.156397258207034 0.000838732928775563 0.789610094255207 1.90474338264182 0.00298302281876868 0.0493417313691238 0.0744787202107178 0.0438288599753995
0.272541165843567 0.0314323397152975 0.00391494515762392 0.264405908338700 0.258641564054239 0.0429745840488612 1.48185785580781 0.227886382789066 0.0967429634095105 0.00579483070515638 0.433898159287415 0.0365270714055819 1.90127973933470 2.46899592136265 0.003998230951799 0.140088021659803 0.00085124578805405 0.804649349397801 2.69824074812170 0.00248820634427603 0.0234293819926083 0.0727088867285142 0.061253995572337
0.106341823827005 0.0114450811718597 0.00161950129868076 0.178400710004856 0.121815461104708 0.00497755559157572 1.50957361090285 0.161043599513897 0.0601370758889552 0.00370162438469399 0.168519285426868 0.100525871330432 0.198176448375408 1.22975567282804 0.00480706924519661 0.0419518539658098 0.000358639224457854 0.338488089037802 6.45693062444785 0.000838971683271589 0.0165159648567789 0.184555343091066 0.0526867586032186
0.0791043368486336 0.00600941674706167 0.00254408364709553 0.087580393576596 0.090547656921359 0.0186162363521890 1.06424237641818 0.139287211266958 0.0624094441781855 0.00210561053736536 0.168773809089505 0.0504001928662014 0.78658253594409 0.841005510793491 0.00288592959760398 0.0586201688387669 0.000558519279066442 0.640266904918962 1.97822056573417 0.00309181944437566 0.0155054204014860 0.0385847261561934 0.0369211438060502
0.308842803303785 0.0366378324355513 0.00856257466051331 0.301760409466072 0.47085163195094 0.0413716825997434 3.26900288485451 1.00130448945821 0.149760934387468 0.0093446370625619 1.18626947902351 0.201524856489495 3.37993758854024 4.63995341228278 0.00949875547855651 0.391220544326093 0.00374806788079556 1.86955929244321 6.9295246537992 0.00738961792847765 0.0435177706674486 0.129459914351421 0.0976848813477182
0.237911494956410 0.0346132410831196 0.00572636322527457 0.257051567100163 0.314300645595634 0.0305845304833182 3.13066430645437 0.704438693718094 0.228972368565311 0.00605300596777378 0.451067519188059 0.158007539080216 2.08903373574189 1.89515095365384 0.0126255919501919 0.274103011112718 0.0024523050197218 1.04986238936465 8.5212125998273 0.00716038947632701 0.0474223963953825 0.151965602163515 0.110122218500063
0.810080420724182 0.0389153275126885 0.00905227249129978 0.694271756059931 0.631001683322183 0.137617590128991 8.14276339792815 1.08708174909612 0.456790220390703 0.0194388569636813 1.57838620037430 0.294822892158421 5.25598569127428 6.9231339706187 0.0198184900673819 0.563104343761347 0.00331662354023183 2.92544182959445 32.3037721012962 0.0172712596279298 0.102708546892906 0.176185249554907 0.212024138451861
0.413150578748864 0.0875654733779054 0.0100061042959678 0.229305649025288 0.174290009654933 0.0810688329543593 0.307001313641561 0.638981562549195 0.177565210299539 0.0101241348978214 0.910454687492696 0.113942556397770 4.2759466826443 0.406535814215705 0.00386149543861445 0.482536098124209 0.00289389174398702 2.98524704285419 6.09939176613707 0.00952858380333629 0.131314156136453 0.158250698565545 0.0959129806317406
0.363088054036091 0.0310431077535666 0.00396037426943239 0.143956007324350 0.182108943433118 0.064313067346115 1.06967920286614 0.489870613180255 0.249809679360348 0.00664142712484378 0.475469714911148 0.0265021165266739 2.14049823527515 1.78854659806393 0.00472119479265259 0.396163789548378 0.00194674993286773 1.86224451368922 4.39198222984021 0.00523249031541297 0.0579358582721242 0.0725228585469479 0.063797869793292
0.294766174356669 0.0186242384409181 0.00653205156085337 0.326356742594910 0.427331877935981 0.0302188315963352 1.86612252617207 0.422799712864031 0.110813976461878 0.00722953064354251 0.270569481895003 0.0565721408800312 1.35964024448085 2.42986771386216 0.0047655815984400 0.168498071990705 0.00210806524821786 1.30683604865822 6.39324936230489 0.00404606850057291 0.0390079526081426 0.0786203010541757 0.0850170525348962
0.178839192259704 0.0094866017724824 0.0025001565926197 0.181460162247854 0.754737366786084 0.0197622885402301 2.64108818478141 0.328074869273397 0.149972451526248 0.00798288904718242 2.73592775151633 0.0576311744090697 1.33677407126038 3.13493110996207 0.00525173221357835 0.155291266457678 0.00141723515055926 0.976733749670908 5.39408122424661 0.00333713166996483 0.0262974522801027 0.108254119113499 0.0344482959652745
0.430996135322715 0.0234769041635563 0.00579850019085327 0.174873163153230 0.148278048335374 0.0590743134959284 1.52154489343631 0.36354787613631 0.107763423144078 0.00538010762803705 0.784051403847756 0.0740961862804465 2.37214160989760 3.87376201503662 0.00427561571248537 0.122850646000490 0.00207015085528953 1.59314737105397 3.92581656078178 0.0044109212443765 0.0755107587157092 0.0749416205023575 0.0590046274652839
0.322175757620067 0.0430679874936639 0.00768695439173342 0.322800322575053 0.352503214140777 0.0420149026675349 1.77215148501662 0.350954493483546 0.120571552972498 0.00690669637933341 1.16137405896977 0.094340453294883 3.02460924045028 1.76038675743458 0.00765858257912013 0.193915237717909 0.00235894176296059 1.74104634794146 3.49062283441412 0.00514085192351613 0.0620592776103083 0.0748292124548857 0.0609424739757022
0.490981729340732 0.0574016760653718 0.00972526000644022 0.235121441106182 0.306969716192644 0.0697690046375539 2.22816939495227 0.68461345683828 0.219136763602416 0.0150255151861310 1.16459739685496 0.0958978719006445 6.03007641863556 4.35696707559020 0.0103187756641685 0.428609766296416 0.00493592674549952 2.21123727485965 2.79894103044585 0.00961870819671956 0.0902525534222896 0.0745931340002575 0.0764417040556221
0.697654105407425 0.0791874038487974 0.0172594607910816 0.192265101706299 0.497875689222105 0.148617097467686 3.71266069485905 0.740762831493633 0.146499365311326 0.0177392576706431 1.09083183597866 0.127529804043479 5.43173715457962 6.56552751911803 0.0118874674095842 0.634208894469362 0.00422065164150821 4.12322186740783 10.6753058129424 0.0124696255303067 0.107776531221732 0.111315950271691 0.151639018282725
0.189536222566021 0.0220313979508274 0.00666516109855011 0.187403567584955 0.181439947289339 0.0658239945095513 1.14226690288396 0.272886681338764 0.0783245475301697 0.00607897747750294 0.902352801587777 0.0771055378673072 2.02709453307325 1.56051073826066 0.0023747352989076 0.0844454747170953 0.00116680493567452 0.841058796130655 1.93516638497299 0.005436178818059 0.0457784498822581 0.121090687718228 0.0750814427469498
0.77551682584776 0.0305663870044151 0.00475409078447468 0.272890425034354 0.384152657648695 0.08816622372685 1.61196940072588 0.523574149953436 0.263693156550233 0.00645922970971087 1.12983758465746 0.0736480496442189 2.28351228087815 1.68587265387072 0.00270999567209962 0.235733620744099 0.00194993978313309 1.23968091063723 6.38933665702526 0.0078647885307031 0.0793562084558799 0.133705593402862 0.0491153175274458
0.904021377242808 0.044105625455677 0.0153603981955936 0.338639479714894 1.26202681340862 0.145131816632923 6.463490400762 0.750547058442056 0.244450129619428 0.0171664291864553 2.94095444148331 0.126081922521002 7.29291176386585 3.39483349916679 0.0169976900861726 0.536261449217369 0.00761776778471432 2.83331434455876 6.75779971411248 0.0162193472594275 0.107907355345956 0.131718756356064 0.103020401566724
0.18942240374833 0.00982327583956785 0.00391319973453885 0.119688534853900 0.343619571984968 0.0293851780583222 0.249938911871604 0.424625051870874 0.0757049822157277 0.00210422089795104 0.772209371028457 0.0306533790859877 1.54836955011246 0.311629654067581 0.00217756605234663 0.242274518004987 0.00115148386719494 0.619966622039149 1.56868184467365 0.00409191587308781 0.0229787599147514 0.039070802449188 0.0204086448724288
0.43240151393301 0.0299791427007091 0.00737905507524173 0.183176614091838 0.219683338779236 0.0712569159846648 1.14309482136401 0.624391017825759 0.0859486816263443 0.0112079795005571 0.662048613513355 0.0495814498319244 2.80670211755436 3.89467861523709 0.00342170730471132 0.303233242052565 0.00264468015100227 2.33544613315678 1.85897128015074 0.00788697620561066 0.0670715069066961 0.150189658711419 0.0663951875256141
0.310895392808093 0.0260837472592646 0.0097098085796139 0.390648940355766 0.393654261302767 0.0575171597039854 7.77585916128365 0.522048715831067 0.243258071346171 0.00877538503501095 1.15191810903890 0.0834584394164773 1.70494872919584 4.51831584644731 0.00729379192784855 0.355108013579389 0.00162874211534893 1.49514567074428 3.47119973936031 0.00708731230921994 0.0747428062101499 0.170874830124491 0.0937091807877454
0.404406867550666 0.0367581613713124 0.00693145672805004 0.228540196888287 0.2408627516598 0.0582290428320022 2.85888585897755 0.785618813965868 0.263061217918734 0.0090431681545057 0.764210262102492 0.143973389590211 1.59847282026985 3.49062652658673 0.00541192721967775 0.242847785678384 0.00366629645263479 1.35253190888367 5.07719791706729 0.00625399768038782 0.087622368377969 0.0890014054509991 0.0478707465734846
0.409718185640871 0.00823988180320604 0.00342266187427250 0.250017527351411 0.209147563034372 0.0361142389938869 0.88847741992589 0.37724450632745 0.113390759271282 0.00391253915744791 0.434901867294381 0.0313419480671779 2.26256581025589 1.12488630047383 0.0068282847971677 0.227635526135048 0.00121571448648328 0.972469398298697 2.33651698190640 0.00937307815261269 0.0352585677935994 0.05193696791119 0.0521976349987219
0.476721637883691 0.0250207473751791 0.0119299355411962 0.293664563272834 0.29580351488044 0.0802114036100026 0.0333662733818829 0.673682446464657 0.113223038930733 0.0126813953152901 0.707975860538393 0.101690970601044 3.71132961208254 0.202670022290362 0.00303110893460488 0.214765202567417 0.00361709546761069 3.10845688594660 4.80746993011587 0.00935319716512253 0.100603097212697 0.0545722394417977 0.069483998213588
0.222168632137825 0.020542495934882 0.00670590412579001 0.203100622317492 0.247931120037403 0.0409800026169326 1.89478996170179 0.680320835252232 0.0885423489060192 0.00790201625362516 0.890947531598045 0.0646762042829932 3.16632732836097 1.72095785380380 0.00424066540654225 0.268606869142805 0.00259190793479687 1.01979688148115 3.08084416758666 0.0147767410181067 0.0424954900045469 0.069663293191806 0.0730275463656996
0.103133316692401 0.0133859988428190 0.00213092951257556 0.274313823654098 0.377892063245460 0.0144545721794713 2.39816336613966 0.343797468996343 0.0887330237985927 0.00294621313750359 0.567170596315719 0.0693251942951599 0.789083247236719 0.88061571524638 0.00555911733484047 0.0813420762076892 0.000538420473237569 0.722265816721899 1.58588148689275 0.00230600615251055 0.0152786365772387 0.0608104386745705 0.0337704632693013
0.499024510128862 0.0387515344030018 0.0167775914831722 0.268113818116751 0.686387612008676 0.124180958417089 6.0131967579646 0.568891761996852 0.110978734124644 0.0106156607351433 1.56785734049179 0.0663577860925031 3.73467896033206 8.88525134773236 0.00830602735794525 0.450085288582696 0.00226395509194087 1.79487495720162 3.45695904687215 0.0166666193919414 0.0529629920971265 0.0968092313089578 0.0866860430583304
1.27194236330443 0.0407807152492637 0.0174204214157328 0.331973213447836 0.445472390536985 0.0840089478344535 2.018178296555 0.98185278516625 0.154135762120746 0.0134002114730024 1.21206859224685 0.151604879670793 5.16612053887991 2.04088430186050 0.00853018331455984 0.42283399390392 0.00311638931037314 2.94298127717832 9.81495251411201 0.0122559471795541 0.145040051602294 0.238699606388732 0.107834755964741
0.79533268463357 0.0544422126069972 0.0108368178578508 0.283016588933660 0.58039158403873 0.147969768077844 8.91723170568616 0.971862036619806 0.191498051834990 0.0213519763494126 1.08813380806236 0.100113532360758 3.79842783573144 11.6270921460571 0.0106690706211793 0.410987991001734 0.00302423090806786 2.19689452525947 5.00707000091623 0.0118780288158903 0.0549176122499885 0.108128793583491 0.132732344945334
0.310831078393941 0.0345538167619313 0.00708594805152178 0.153341096506688 0.382521724723777 0.0708426084657123 0.983453654874784 0.445664209508282 0.0989331170319773 0.00740839542772266 0.967828314606376 0.141541062584131 1.09845112450893 1.16104942315695 0.00343022861526444 0.178636862349635 0.00148220421415991 1.18028000277614 2.80074031774305 0.00381086606270865 0.0626190721853647 0.0769939390791893 0.0717489943946966
0.209294737170844 0.0162654772484917 0.00361599555942928 0.119473064060758 0.15583504263578 0.0188706329845961 0.796496230125722 0.234003922510703 0.138074714684077 0.00485546891465586 0.977247435595422 0.0740553979385776 1.23147201999809 2.5454119554262 0.00355367073795297 0.0862505333667902 0.000958022396408311 0.844392318159158 1.95367983554355 0.00445452312310887 0.0169537994673560 0.0672858489169124 0.0411615734695076
0.323238027907915 0.0116031608009073 0.00452086331729727 0.144923890596174 0.409126625606299 0.0406909931769136 1.02050589378212 0.292896265169939 0.125867191420071 0.00500961745259538 0.649128240515042 0.0541176574446725 1.61758933550471 1.53283717710094 0.00395486003191258 0.171988326792044 0.00212682231163569 0.960740527541195 2.03250258401924 0.00658982819099723 0.0486414664972081 0.066920606076492 0.0353911984729577
0.721024672375202 0.0509360013575111 0.0228696920497459 0.256780286040312 0.512589841151677 0.0654580125915644 2.29609594842922 0.963139936595453 0.235591395135085 0.0131703468246745 1.04300092138509 0.220075949210273 4.70072901939413 3.1783446481564 0.00863752120984384 0.362479719949062 0.00375319284315162 1.33432547207687 4.08355278655339 0.0120018544274045 0.0865007824427344 0.166989696409767 0.125928827171095
