0.0919791155097716 0.00487922191513704 0.00122422733326811 0.0818402811324778 0.115376189013650 0.0117668294673557 0.726858455692689 0.141809738838939 0.0414672850511523 0.00227941028747986 0.224764837079544 0.0421542942411849 0.486704020097337 0.581945334226011 0.00295416347042366 0.0681171136355041 0.000605707850631229 0.4611562555837 1.60694582801375 0.00105055265552061 0.0140616166283510 0.0653942415426508 0.0168659704207215
0.145542152322520 0.0095166809679745 0.00373952699947791 0.106243685370046 0.0895150124974098 0.0256787783247912 0.171373721953570 0.110863586088148 0.0389739854831339 0.0041823033193655 0.291991759102374 0.033213907226282 0.981315719424903 0.269514198702954 0.00110118504692049 0.116504451087103 0.00103848443774163 0.605144156743648 1.73379668622025 0.00381090974097798 0.0140262647552968 0.0269205806968517 0.0326407174517986
0.0580678889932035 0.00613888501977646 0.0021949979629154 0.0486898408360524 0.114944580001257 0.0157573437717945 0.339676364161834 0.118978042472921 0.0129350343950366 0.00128904851629005 0.242792559179492 0.0129500306724655 0.467916054800129 0.523999560233279 0.00164632955365294 0.091594379136074 0.000806295261053426 0.208059784318325 0.844295250714352 0.00154958994385646 0.0214703538856919 0.0260253890262887 0.0230580974047713
0.311256959325004 0.013240522401403 0.0055384771728704 0.129448824413713 0.255919824664551 0.0334996836423532 0.817648364136985 0.492461183257581 0.0973026558326837 0.00342711445575293 0.62075357227743 0.0843348403063904 1.49661952197616 1.00602335643943 0.00530302787544765 0.225572429715490 0.0015664110956992 1.30461870489574 2.60619572091742 0.00569713765743134 0.0455697785568887 0.0769706099984926 0.0502678459596422
0.0433198188510779 0.0097416447213924 0.00184371785919818 0.0875307673612142 0.102143051309420 0.0100689412515603 1.01467009278363 0.114796331797207 0.051944705476186 0.00216206638017465 0.299710577257976 0.0278708835601949 0.42041458112438 0.453704692214211 0.00144122374020624 0.0843902863276357 0.000366107032690142 0.298893743102186 1.47808260454756 0.00198789459259179 0.0154693727324747 0.0362852862320755 0.0270358015007558
0.111870387661738 0.0151159509190445 0.00180467166730097 0.0981172311507932 0.079805593244879 0.0293440837693725 0.533972089445224 0.0997541110948677 0.0340193504006459 0.0040986335478318 0.263637525713155 0.0353417124554658 0.731161102041136 1.01544807775097 0.00131250295194597 0.123360282842360 0.00077133905670051 0.65830599029187 1.52272417202496 0.00206630357133875 0.00831879471180418 0.0313437777435678 0.0220289202167589
0.375669534570373 0.0160791306446126 0.00330466332673397 0.132722536523413 0.171461850997697 0.0214517393688172 1.27804391766797 0.266401145526794 0.0871989463107978 0.004876994287968 0.824191146865849 0.0319294856542522 1.35545414386539 1.62214182216240 0.00183483573014559 0.096493751342146 0.00169464879420309 0.493232479183737 1.23508886947768 0.00485780807159671 0.0228639818626254 0.0720725990313004 0.0308429923191863
0.0868213100011866 0.010208971905123 0.00149353304689800 0.0555234694150863 0.0794742866032673 0.0102129635865375 0.250123688034697 0.110315723054962 0.0361950893840371 0.00252057059520836 0.111611998695331 0.0149481593173723 0.642310742350053 0.571832529901814 0.00114146824823235 0.0412878694816824 0.000551510977552722 0.221561115017481 1.70601672692547 0.00365345958733089 0.0135027958988662 0.0396315775591808 0.0190681350894499
0.114553029071734 0.00594371588358535 0.00230880606531191 0.102384231896759 0.0931740978767373 0.0230917189742394 0.720808848121773 0.288098764774162 0.0321988418439959 0.00434752961171354 0.187217867121513 0.0231688228971090 0.511107475245797 0.606158841822004 0.00233927793810956 0.058757839984471 0.000395049669888617 0.342711886162115 1.71968306369321 0.00202176404730462 0.0220281613461637 0.030882193968084 0.0219124610606112
0.117300815736644 0.0121498143062891 0.00541394306257305 0.077506356201732 0.114394273169731 0.0171470800931457 0.73634866939747 0.141450772934630 0.0848077347503869 0.0027236527558754 0.238613734405752 0.0251485427909503 1.09283764213546 0.816546197414685 0.00331021450364402 0.117008723811819 0.00130363135037115 0.358107794709453 1.28617060459308 0.00198603840296015 0.0165884131276926 0.0221106951610484 0.0253609805985101
0.119909006363747 0.00893359513239465 0.00241439096750550 0.0670418630754273 0.0783350604760745 0.0125679456022490 0.582014411765164 0.139317710013811 0.0457283360484234 0.00171584584782052 0.205108665167181 0.031018306115171 0.834233709080731 0.470499961747585 0.00167428633096290 0.106255170444624 0.000647749856852747 0.718332638616928 1.42803263923718 0.00182702080725801 0.0135519510799744 0.0268993968553949 0.0178315099327909
0.282438575584244 0.0141939721643279 0.00191511868680171 0.160213265611464 0.0649028640794331 0.0262068839215121 0.473280485081221 0.157570520756575 0.0475977218176678 0.004646194924072 0.331571444885133 0.0371335676594182 1.06494442633055 0.699289595214568 0.00269837278588942 0.212500941630033 0.000711972117901417 0.86976383110742 2.09855952975534 0.00537609169855739 0.0385273735845026 0.0802251584878775 0.0440668612674987
0.321479744504260 0.0256374530258535 0.00680983464246019 0.204501782667196 0.252456750849847 0.0661644491700049 0.890726572676664 0.150491971440402 0.119334385268656 0.00506275696199581 1.06991876542620 0.0987347292459912 1.87654469224627 2.23789799132431 0.0028105876001682 0.206875129197443 0.00135009391614369 0.817560598343726 4.75259774904070 0.00504770793319729 0.0393177336970558 0.132963522698201 0.0414074930211517
0.0619393110718202 0.0105247019674041 0.00111508743488356 0.0887751185989428 0.0828487221357708 0.00930370990793152 1.27676464030175 0.155675120927384 0.0468811639321327 0.00330486091660835 0.253072412665153 0.0401822439560479 0.902764956361819 0.71410737073647 0.00204186838765414 0.0986705504382913 0.000478336837656403 0.238012083813319 0.73884835571384 0.00174841362846738 0.0116793570154617 0.0701690726392406 0.0282044912173867
0.103451988356169 0.0054563481753009 0.00114923143441911 0.124787450603284 0.146893846045959 0.0124383143672353 0.368782137492818 0.136814685193547 0.0493066130083103 0.00347331092919224 0.402531991107918 0.0362944410955946 0.673509150844074 0.722141198528886 0.00112271889157233 0.0691371801390098 0.000959154018736962 0.861058301336453 1.16211887979693 0.00267732950184264 0.0138679115503805 0.0251274481518367 0.0184134945938198
0.0322163757831207 0.00289639129044381 0.00107443089078299 0.0605601948726923 0.130077892545492 0.00814212304370713 0.500267117092421 0.096624812691289 0.0337466596441097 0.00146178982699950 0.280074798921069 0.0268757562270097 0.344283602895546 0.684693096250547 0.00177073603994750 0.028526676413931 0.00025343696214621 0.266508287593427 0.488623797529948 0.00162817238472035 0.0131666510100778 0.0249239724586731 0.00910192002254094
0.109486129564109 0.00691056582343099 0.00315582280822173 0.0483679092656161 0.083574196126632 0.0250101402497073 0.0889950201901998 0.186199312158431 0.0373569374244467 0.00222230131127361 0.38554349305378 0.0298627374990728 0.748510437805753 0.0357189135562985 0.000611117402635184 0.047012729977849 0.000700794780382421 0.355400198630607 0.837579699602442 0.00155980592612975 0.0185693430296672 0.0134580384107768 0.0178667147828726
0.18125903486042 0.0101262939085482 0.00244581476862582 0.08067737131147 0.0921111400660723 0.023716058943158 0.448917746210553 0.160612795433435 0.0310695814323646 0.00232797526533074 0.169855579628098 0.0313865243825914 0.692762005425087 0.55436991194659 0.00147563157961231 0.116721365565519 0.000548077402698771 0.624351701483974 1.66672000957759 0.00286552651861018 0.0182923962709278 0.069039804977129 0.0450821410862175
0.143188848898021 0.0118159651578213 0.00255167385546752 0.0530294810855281 0.08054291617517 0.0313613213770252 0.0888727157881919 0.140005019578801 0.0410001249912901 0.00230815809585496 0.149359029877090 0.0356078119700588 1.11790815771336 0.134610635025196 0.000777093170653292 0.0937506554488945 0.00114538062595808 0.425375507136812 0.747108769279331 0.00197840438100128 0.0200875008855679 0.0214018218826225 0.0309500858372282
0.0557967025104438 0.00457530663299162 0.00217460976008849 0.0303370098207506 0.0915453311583198 0.00963148812394965 0.558047714659049 0.0736286978872119 0.0468545061598607 0.00251933056031470 0.261635538537813 0.0157238002186652 0.85276269343145 0.54601776696303 0.00125231116633310 0.0391334277919134 0.000517931606173346 0.359703205867347 0.786162439935178 0.000972697714397176 0.00823886077063606 0.0272630646608975 0.0203232731673678
0.131051688958693 0.00289950281306737 0.000555153785248937 0.073938127923947 0.056825671725845 0.00535895739252129 0.526457722160588 0.0926205860075834 0.0847065969265585 0.00124756495565870 0.154049318388864 0.0371253789048052 0.271981415301393 0.842158283933884 0.00146710346719615 0.0331987229012878 0.000272954370984218 0.305507757758752 2.03069344690967 0.000948397164501027 0.0160355686656952 0.0445112747202924 0.0103127929533318
0.118355395719360 0.00552577021256386 0.000693697068365684 0.0822171381372198 0.0737363631015659 0.00672549232914796 0.42458231793167 0.0900853274915108 0.0888139265186524 0.00210609537954084 0.186359444123129 0.0264569931329514 0.329019296265665 0.495164031430431 0.00187801111840564 0.027926230456097 0.000296396209780880 0.426466737515972 2.01051483551416 0.00143331595715934 0.0181367201007265 0.0439979123217194 0.0227058870302721
0.0409188503236401 0.00579760469502007 0.000587662178148412 0.0585305781413354 0.131558031337425 0.0112369049118747 0.415712885981474 0.0499757407571239 0.0155848916918586 0.000908093545261294 0.395130326099588 0.0104052272607846 0.266356819010868 0.352582597078026 0.00129975592091607 0.0446694327097961 0.000328310052543912 0.168051174214745 0.425142331404926 0.00098822887023394 0.00702924120824058 0.0102983475591275 0.008316432854729
0.0552125330906649 0.00526194077863866 0.00134934034111632 0.0316181356908687 0.126854999853058 0.0105791303161589 0.88321316764269 0.0907824001355784 0.0531640578854765 0.00271306688546330 0.268814261501259 0.0226694793971189 0.373368386959586 0.849098316805063 0.00149044634710059 0.0591016206970457 0.000519880131775772 0.590066155242027 0.75344403369294 0.00183400309024576 0.0125966478423711 0.0225966595874460 0.0193042003192861
0.144264322463721 0.00603795443589063 0.00126028363322558 0.109982495611915 0.362048503608984 0.00866484659887486 0.698157627852906 0.279919256572404 0.118994504310839 0.00385934150746505 0.838147853467472 0.0361382760610198 0.355116095816601 0.824844435283938 0.00203618594880965 0.0484539861908228 0.000568427860770649 0.502801989466285 1.47798376469950 0.00307269113066182 0.0119441793851568 0.0359684040857349 0.0248422335658937
0.105151003508404 0.00759778295830242 0.00240248583569164 0.0393403003096883 0.0521766866819989 0.0140065124120033 0.646550066882829 0.154333295403203 0.0451313237812225 0.00184761440747240 0.149754979153269 0.0164767010613833 0.593692897614931 0.57744909655169 0.00166611814804733 0.0550534879466891 0.000257959363759537 0.384588935314313 0.552393177194977 0.0024808939704283 0.0144570276878576 0.0239006230315352 0.0191411667551503
0.0530230849500585 0.00440759120410272 0.000594192714723198 0.0822990448008746 0.101411365655277 0.00708579775859965 0.608020706181741 0.085963834132938 0.0762594059275191 0.000993219193438674 0.283792891478245 0.0380571135842055 0.219195968801689 0.882693747918821 0.00193913246325843 0.0279442079683352 0.000296223220753917 0.325342084619674 1.25149292714887 0.00158374453146307 0.0127463273186999 0.0379848826208527 0.0167830597003146
0.0955444527171237 0.00432982542809668 0.00249183473247756 0.0565820548335633 0.102307683046526 0.0113255103286857 0.585989743582108 0.173524035911083 0.0420602059498425 0.00263219105075809 0.258367946632787 0.0265167514341822 0.687280979001943 0.470803344212435 0.00163016423281343 0.0588253839386944 0.000541253659619513 0.378173102405451 0.645374373705559 0.00206694830329410 0.0151057263919754 0.0218119905935022 0.0302042801018413
0.11924551366303 0.00915171780560923 0.00311363056534727 0.0611057113736508 0.0794522893711537 0.0110062358862872 0.606366809846009 0.114319053386833 0.0393862961926552 0.00290961288420876 0.293896760389836 0.0448916865182364 0.652199135009713 0.922924124602853 0.00240844705845906 0.0579402915122087 0.000726442630184206 0.412489256317192 1.45493920563267 0.00214797549851271 0.0108490360715001 0.0318096333577447 0.0200307870201205
0.0784834592674688 0.00406100758354036 0.00109227548857979 0.0679067619498991 0.0311789709370165 0.00403453173560487 0.55032560216378 0.108804911533607 0.0494065909142387 0.00247135574823537 0.187436775887856 0.0211051090013500 0.251541531779684 0.827929014133415 0.00137229621281916 0.0365927977944148 0.000288646490599592 0.482940489344742 1.37587985521249 0.00187147482129711 0.0123946075548501 0.0264305159718739 0.0138756389043905
0.0365071350008289 0.00257409843938365 0.000861846795260574 0.0316044713767006 0.032270331360266 0.00890996770853338 0.271172584683606 0.0476180639943157 0.016512896940839 0.00155557493655035 0.163733474405666 0.0144519027193034 0.311345789949160 0.726835718118148 0.00107407273551165 0.0193229232111079 0.00020967276583034 0.160629344463954 0.665396455085798 0.00117524529222109 0.00475169805355543 0.0116171784433581 0.00988270373128613
0.12858951724424 0.0105844745876624 0.00188150810210396 0.113504814212241 0.186345670893591 0.0135794532899059 1.00104566082916 0.145322846200219 0.0996977749514787 0.00217717350178927 0.908799819125556 0.0443298231610505 1.09937639011584 1.52213872101490 0.00253388874122483 0.0869553127074145 0.000750782054520566 0.568350741375896 2.07835408264888 0.00275899863425801 0.0286418477438939 0.0589806761194198 0.0281840544554547
0.0528701800027588 0.0105346830184682 0.0018893650838226 0.0763524667953537 0.0763191636037764 0.0114335994635495 0.235116993154392 0.128638504298971 0.0574844458560033 0.00229336205870633 0.116486317662870 0.044983776609842 0.519745863921476 0.142146817393796 0.000833386819516312 0.0565931140751034 0.000686406187712674 0.569640632323189 1.37840432052186 0.00163212876564301 0.0193153782705556 0.0276364315746397 0.0316122739263189
0.0780020800698271 0.00748854796115626 0.00188711190780043 0.157837558760912 0.0835236230685601 0.0198189336520894 0.472819432411454 0.239491080772538 0.076150908318809 0.00264503021687559 0.126920094847805 0.0553171629952967 0.330172727218213 0.233908224252816 0.00242436711855628 0.0586162033421751 0.000510533348171857 0.40502734744059 2.72851940852922 0.00235107445533614 0.0119816940437130 0.0509268038399427 0.0329279914853788
0.073127672260397 0.00317340798542557 0.000597853987052918 0.112145983939953 0.164966755617284 0.00534660946518768 0.898449122477469 0.120157682486144 0.0994816159955893 0.00156610248010566 0.786207417563325 0.0362312135014393 0.136554724352533 0.708668759001777 0.00172444165408115 0.0326209385004964 0.000428939594594537 0.414895443515583 1.28121701212296 0.00186557813370363 0.00995051427583337 0.0662202306141876 0.0340758860336286
0.132770611179686 0.00941399779538 0.00102700293312901 0.0986516269077268 0.101347523327963 0.0121676573214907 1.18533278329408 0.124422548352668 0.0764045850154994 0.00224220733396953 0.255636570252633 0.0231001141830291 0.532479134988557 1.19596193747644 0.00176000635660418 0.0573626874515964 0.000437790874553921 0.84993418694007 1.32888042948645 0.00231707267179612 0.0137102326519971 0.0443908532618730 0.0264541386480096
0.146676408022543 0.00106687883634331 0.000269524661577860 0.0539909828589676 0.0170129583418934 0.00214786464914255 0.835849067190878 0.10968057502274 0.0483110582804253 0.00162534615833913 0.0194546581715206 0.0377458088003828 0.0985385273004254 0.544258354822568 0.00075858142311536 0.00983472299469093 0.000106209412997128 0.331444031626012 1.13567851979966 0.00118765587440336 0.01152360589496 0.0413879918885959 0.0079690866702285
0.149569385765934 0.0127884358519904 0.00383354811716141 0.059627123377549 0.100354766339025 0.0274986378569223 0.617129152812792 0.178473749892675 0.0644180266663069 0.0045674428622288 0.318469719642785 0.0570858865553648 0.927146213528752 0.954568621023009 0.00242538791259634 0.114626599961933 0.00115172901288399 0.467692713855554 1.94148285404314 0.00346568372944443 0.0276622524439718 0.0397123768413516 0.0374358883745417
0.168049625428628 0.0105823288792667 0.00290290275869742 0.135347332375458 0.122841673303663 0.0228105543266036 1.11466538119984 0.158614648982526 0.0765413904298529 0.00486808175344189 0.336800159769383 0.0499376896504991 0.545231445051623 1.27870224264556 0.00276323675796181 0.100311602360469 0.000725321130542892 0.487938914069976 4.43578912461339 0.00235196501954282 0.0164911785332497 0.0447122837693643 0.0305561538322934
0.0723550465309573 0.0057260176232717 0.00252789770718727 0.103237163147745 0.0820486999964162 0.0113985525439796 0.622674799721825 0.262091827818609 0.0332360050950398 0.00321419341513798 0.195701106444480 0.0408269806191702 0.542902576149307 0.40413745084973 0.00236059286122847 0.0633331440997111 0.000839409852264306 0.342286240013580 1.42426204448598 0.00329798434554584 0.0179455490922221 0.0390971733314775 0.0256870392961769
0.0737505329466319 0.00455044506118075 0.00114867809992739 0.137332262347348 0.205726323162620 0.0146248667751628 0.716935945665019 0.102843215779511 0.0570809057036676 0.00177380036541749 0.600728459930348 0.0391114286133298 0.535049470218777 1.08763431477378 0.00349471467546731 0.0522262770055222 0.000593178689078851 0.176533381258852 1.17552763467786 0.00224549381693603 0.0185455133726672 0.0457903669596887 0.0254312943748181
0.105923427483202 0.0114251726527110 0.00300282468592926 0.230001792374963 0.426685204454842 0.0190477045028282 1.54764940104952 0.179890710845697 0.163699262667325 0.00567327725647838 1.08158805687433 0.0696046533706907 0.67232105842468 2.51036671185867 0.00385815546806295 0.0777620576812917 0.000722799806006589 1.47912951937435 4.34644002357659 0.00325556072806839 0.0168364643476804 0.116631068156314 0.0472934138424941
0.0238961720298197 0.0012811982636621 0.000374856300543901 0.139337570494802 0.0284001815432283 0.00297837464369864 0.411986325350205 0.0591599617182629 0.0305531034593335 0.000961189051313863 0.087731896436093 0.0251606374111001 0.129090803363888 0.315059351292334 0.000720458168636664 0.00702999652073541 9.77202830526935e-05 0.151574530684895 1.94093202848149 0.000667223448316685 0.00333683804419858 0.0350495824791193 0.0083747350470322
0.0515894782952918 0.00359902695575777 0.00109846856985504 0.077584606545701 0.172452393341989 0.006201660762744 0.733489144885923 0.092700215070081 0.0366360504504081 0.00110363905229016 0.232301087024623 0.0402081831876528 0.172467158503774 0.985019550153072 0.00111770141296773 0.0333273901920965 0.000296971646216622 0.0932679008271845 1.48372920647411 0.000655478946247205 0.00795306223202498 0.0395074914624260 0.0337078398797477
0.244225751922248 0.0131066584781293 0.00164844878807341 0.259767795156603 0.342988407036971 0.0172009827141962 1.50573331198035 0.452908141421348 0.230568053112125 0.00428997031157192 0.998806217205438 0.0945431231237243 0.818489989403817 1.12016764190320 0.00296253094996787 0.0851700053087717 0.000823210025555532 1.09713340058496 7.34580915196393 0.00476046635575362 0.0284118142587618 0.154192160951153 0.0415668533396805
0.310542758484164 0.0160041306523823 0.00394643759203679 0.245050737732915 0.279441356051539 0.0340850148178846 0.964659281597326 0.378249726870984 0.197599122053505 0.00514469225488633 0.636305639351143 0.0465702136347787 1.63882248466784 2.2197740434304 0.00391330870838747 0.173618056546983 0.00211181800650559 1.10094554513579 3.14179039561904 0.00653955462127652 0.0452598721066739 0.0760140061434333 0.0536704622769453
0.175714925913498 0.0091315117315915 0.00215206134448316 0.134428924834853 0.296120791025057 0.00918247080590512 0.85304340337963 0.236351338151299 0.122096860559090 0.00873427356389328 0.601271093344348 0.0509535396156048 0.529380155997245 0.79572613195279 0.00220910803608031 0.0430174528756447 0.000370621210531003 1.29064368477502 1.26250711338602 0.00256176615319290 0.0517122687667084 0.0557096671489894 0.0150480410239514
0.200572611638428 0.0105549787483572 0.00297222544258809 0.230567138664057 0.102761339295949 0.0125387194794329 1.61894612832527 0.332330978585446 0.131124845050453 0.00556294850910836 0.388506222829735 0.0592274206280459 0.512016419311851 2.82341719896596 0.00381190074262132 0.0648706373796231 0.000515165824945968 0.724491208246516 2.93468899472732 0.00266344868170749 0.0313511794527482 0.087434024966489 0.0294969513201081
0.206831518733125 0.0123563178696689 0.00241664304427625 0.0854092806931877 0.209314938628667 0.0150143622664950 1.03426123840565 0.197990135396108 0.0521398119919568 0.00230612276615839 0.269570614365719 0.0209999342584583 0.66669433185968 1.34782432100450 0.00277405579814292 0.065139876617744 0.000691628411651435 0.44761229182655 2.97758901559057 0.00239785551042226 0.0326795362687875 0.0656252745578467 0.0214118389173416
0.0406004011285178 0.00218244814054480 0.000476003958733366 0.0328889548647696 0.233316872909986 0.0043968213199209 0.195259644559867 0.0319266934615334 0.0314045098145518 0.00072981714262074 0.423870872412312 0.00464289182625341 0.336476744118667 0.299388983499919 0.00086836258224955 0.0251936224176481 0.000177861999511048 0.0923114567437797 0.299385512788452 0.000559946000921237 0.00309298747634614 0.00659586107442396 0.00696482053799953
0.100697158695229 0.00498792212794871 0.000710775711790284 0.14006170195577 0.129048840291533 0.00882572197268184 1.29875037602618 0.0882562485802021 0.0589991147421306 0.00218957093724993 0.35777654715366 0.058198480185523 0.559327243871161 1.84742019123556 0.00220349047828443 0.0367003288152274 0.000359806881126488 0.3476901519344 1.64444959568918 0.000990818051763474 0.0124244193432108 0.080838511798353 0.0346672573650079
0.129874015632070 0.00682632738120988 0.00154575424500366 0.146416519096607 0.0807056847085912 0.0151783776105668 0.871188456522259 0.105909781322392 0.0350753063563731 0.00278606822034468 0.113797018001301 0.0721042447148205 0.473357016258685 0.418873661056816 0.00280478703391197 0.0519494933918885 0.00035359183705353 0.319179289601534 4.25660680735517 0.00149822649961364 0.0117936531547510 0.092355248405189 0.0483848508532593
0.220224614240213 0.010335994872244 0.00450727397670184 0.165435830816971 0.215898445732985 0.016706564305529 1.38949549737805 0.21807461712689 0.117806207364244 0.00452698817828603 0.874858415620695 0.0813334220744585 1.20599075701664 1.55202824520646 0.00460824525683914 0.140417430840714 0.00087608612341332 0.755524803451 2.99559507437798 0.00409394529426984 0.0189420141365981 0.130656949255527 0.0483417476091092
0.0695270908220362 0.00219795515673655 0.000319911145676529 0.0695550035067915 0.0965992746951602 0.00392118740259574 0.309014484218203 0.0405485061960496 0.0210982082679407 0.00253430619277269 0.117250126793266 0.0295009521607544 0.236930690511184 0.315604421770693 0.000947192304833694 0.0148169612520196 0.000115837430928172 0.283410431080202 1.18267884137045 0.000682216326450959 0.0090318146913318 0.0282013098973441 0.0126663277449573
0.151993607210217 0.00804312086642778 0.00363636085489284 0.193957328049484 0.180972322919979 0.0194133111559672 0.971131405556556 0.373605255160604 0.108069577973735 0.00308600122334266 0.432944548447007 0.104353341212575 0.974732699494093 1.19578286017959 0.00274670710160898 0.100365555817249 0.000729741041083532 0.612306866051135 4.64766565978150 0.00197607968658178 0.0192419324569018 0.111996229893962 0.0422144070371386
0.129810701116929 0.0203833489664120 0.00242975513104102 0.109850734346212 0.128921062865525 0.0162884884897268 0.650934950995102 0.179043226260251 0.0581122206990582 0.00247683945225663 0.325855005925604 0.0261844995413954 0.530840499043333 1.72816241217375 0.0035813895190695 0.10418048458115 0.000823808938339637 0.44115612523205 1.86867094082977 0.00325721406903418 0.0264203529207854 0.0713398025743449 0.0435679567123214
0.128297753654537 0.00903470013082185 0.00135002617280664 0.160093626543009 0.0914578987306093 0.0187261043129131 1.01448869370794 0.149816861026803 0.0379649175465676 0.0026073174555835 0.137307704910389 0.0326567230702405 0.451167994132697 0.911649931847722 0.00275082737115598 0.0700003425236896 0.000863215245972463 0.68152649679848 2.64051537826487 0.00156158810098773 0.0165956273648786 0.0434481157445975 0.0363397310916787
0.156917510748983 0.0129492839100419 0.00309475994373227 0.153605660922842 0.273285887638231 0.0196608454274085 1.66758605640260 0.169484457303860 0.0447443297436722 0.00531326747787645 0.585618582951945 0.0705717690564114 1.41453446103642 2.82597344241982 0.00294665202533158 0.118274184732502 0.00118179968452088 0.543778402792508 3.41124900957322 0.00164761663021731 0.0275157216049013 0.0830700849476456 0.0539596194217311
0.106968442327670 0.0074536275676215 0.00246507609321609 0.231600210501416 0.163187303190342 0.0203672848468679 0.965008596493525 0.183539544704523 0.0417257721889742 0.00357961849992484 0.253451797486590 0.0954414057399852 0.776189845308223 0.610694769055889 0.00227213664066307 0.0902732405754201 0.00084947867182023 0.46513915902172 3.15225978950715 0.00227684607333584 0.0159914691592794 0.0802434033364519 0.0469098038861578
0.0668738875150064 0.00970236673508773 0.00122411550984020 0.086986046478848 0.109221950611667 0.0104264250160413 1.01892318272776 0.135542083767679 0.0286247242291462 0.00334293782648538 0.361549712623267 0.0259598973707057 0.481463653414053 1.55629699179884 0.00533907815740155 0.0448710489281059 0.000909778552488518 0.47774067050659 1.98746153808572 0.00283646887904743 0.0125645819815437 0.0468640495926811 0.0343428062229135
0.212880856755617 0.0167077877798750 0.00336561282507829 0.305816595187970 0.110021995750014 0.0152755156979451 2.21777148483036 0.240421281848474 0.105834996303999 0.00555619957320136 0.274588671587124 0.197971181407624 0.998088188361068 2.00078939737349 0.00609036337952662 0.115956212410318 0.000880086317804198 0.790287312110461 4.36303210425813 0.00221081219497255 0.0156366642141928 0.152138609687929 0.0977004727316597
0.129578030159711 0.0120920834919552 0.00253488967413125 0.0909798116560417 0.0838913914577223 0.0144203257774997 0.528566288457664 0.100071710325702 0.0497898425767879 0.00221325837425837 0.17076361660399 0.0226782919146698 0.504208934745261 0.841725142328582 0.00333277208823645 0.0413319382903377 0.000826526836978774 0.310496957285982 2.13190811142118 0.000915250846458487 0.0105428946208366 0.0387401196845273 0.0163508225767182
0.17579706092683 0.00793293780627916 0.00170545853868535 0.252318307739245 0.172059997420596 0.024149450199617 2.07318238515705 0.525527500221894 0.172540248991877 0.00556681055963305 0.48865094025784 0.0856118153092456 0.640290995823543 1.04621230358756 0.00678962713009469 0.0819383971789347 0.00107198378007579 1.47782580792548 3.84437838188807 0.00545419239025296 0.0294084391098614 0.195376795816495 0.0682834048156857
0.0473768054982343 0.00395570105949678 0.000957539055071927 0.0276401250276949 0.107512700588519 0.00549917852605899 0.292751005153438 0.0407442901416249 0.0233379341777441 0.00118905821687562 0.261393737711414 0.0105170500381219 0.39487209126748 0.392145727135033 0.000787865672962063 0.0326157543221419 0.000205303770039965 0.214666976841730 0.579012221155637 0.000659645141094513 0.00849694737161712 0.0127707569091056 0.0099718748126108
0.0622201316409195 0.00787804699377819 0.00132132857184043 0.1400596025996 0.399393250160241 0.0049716271992712 0.62262443506361 0.0570171125601398 0.087410176013009 0.00155030683180042 1.16706676514265 0.0570631413167518 0.527719651000871 0.64582576716006 0.00291551494604253 0.0360074823774096 0.000257814446000645 0.172393355364855 1.69415219928128 0.000658592442858952 0.0104479224680301 0.0293558784934781 0.0270751811474702
0.0686650721310043 0.0104718648506877 0.00113042801928282 0.0853577019281797 0.153192293275785 0.0160208647974634 0.245838596930874 0.131645522308591 0.0310391145012349 0.00241936324082347 0.338102613350428 0.0286341608552226 0.295369647139256 0.261443041540292 0.00209045740265171 0.0473827246172302 0.00039791814040663 0.445884757963438 1.11946376699956 0.00134849584887393 0.0212079840435247 0.0265666765831455 0.0161358730445027
0.146086205807403 0.00991495168405557 0.00273771672343829 0.116698469183443 0.0656099834735451 0.0178549160813629 0.688032664545861 0.234129818823259 0.114279076669192 0.00303298900255659 0.237274687204068 0.0411668612607641 1.06635530412089 0.578647023816617 0.00145050360433428 0.188316701572352 0.000956267566002201 0.557820578657593 4.47449985054143 0.00243379794344924 0.0311229425238047 0.0738737421561206 0.0276298288508172
0.057372085971141 0.0062109331286699 0.00124800148526034 0.04026779315925 0.103496515319272 0.00937063028749592 0.318082997186399 0.0384969055941607 0.021272969681518 0.00262032499979408 0.128262222280830 0.0151785598473171 0.366368179152272 0.306517778773608 0.00119455998021164 0.0469191774621102 0.000251619878632669 0.236883028276562 0.571423014792546 0.000894906845630603 0.0148025194107371 0.0223436160632153 0.0131486579926199
0.08176234975307 0.00942970191458925 0.00117448354728718 0.07932177250161 0.0775924692162717 0.0128923752146583 0.444557356742344 0.0683659148367198 0.0290228890228531 0.00173844921154691 0.130169447786224 0.0109581214216746 0.57038392180041 0.740698776408794 0.0011994692855397 0.0420264064979408 0.000255373736416215 0.241394804819340 0.809472224436509 0.000746461903282808 0.00702881459778248 0.0218126660185543 0.0183761986717011
0.0319025471481014 0.0034335243515579 0.000485850389604228 0.0535202130014569 0.0365446383314123 0.00149326667747272 0.452872083270855 0.048313079854169 0.0180411227666866 0.00111048731540820 0.0505557856280605 0.0301577613991295 0.0594529345126225 0.368926701848412 0.00144212077355898 0.0125855561897429 0.000107591767337356 0.101546426711341 1.93707918733436 0.000251691504981477 0.00495478945703367 0.0553666029273199 0.0158060275809656
0.0237313010545901 0.0018028250241185 0.000763225094128659 0.0262741180729788 0.0271642970764077 0.00558487090565669 0.319272712925455 0.0417861633800874 0.0187228332534557 0.000631683161209608 0.0506321427268514 0.0151200578598604 0.235974760783227 0.252301653238047 0.000865778879281194 0.0175860506516301 0.000167555783719933 0.192080071475689 0.593466169720252 0.0009275458333127 0.00465162612044579 0.0115754178468580 0.0110763431418151
0.0926528409911355 0.0109913497306654 0.00256877239815399 0.0905281228398216 0.141255489585282 0.0124115047799230 0.980700865456353 0.300391346837463 0.0449282803162404 0.00280339111876857 0.355880843707052 0.0604574569468486 1.01398127656207 1.39198602368483 0.00284962664356695 0.117366163297828 0.00112442036423867 0.560867787732963 2.07885739613976 0.00221688537854329 0.0130553312002346 0.0388379743054263 0.0293054644043155
0.0713734484869231 0.0103839723249359 0.00171790896758237 0.0771154701300488 0.0942901936786902 0.00917535914499546 0.93919929193631 0.211331608115428 0.0686917105695934 0.00181590179033213 0.135320255756418 0.0474022617240647 0.626710120722568 0.568545286096152 0.00378767758505756 0.0822309033338154 0.00073569150591654 0.314958716809396 2.55636377994819 0.00214811684289810 0.0142267189186147 0.0455896806490546 0.0330366655500189
0.243024126217255 0.0116745982538065 0.00271568174738993 0.208281526817979 0.189300504996655 0.0412852770386974 2.44282901937845 0.326124524728835 0.137037066117211 0.00583165708910438 0.473515860112291 0.0884468676475262 1.57679570738228 2.07694019118561 0.00594554702021458 0.168931303128404 0.000994987062069548 0.877632548878334 9.69113163038887 0.00518137788837895 0.0308125640678717 0.052855574866472 0.0636072415355583
0.123945173624659 0.0262696420133716 0.00300183128879034 0.0687916947075863 0.05228700289648 0.0243206498863078 0.0921003940924684 0.191694468764759 0.0532695630898616 0.00303724046934642 0.273136406247809 0.0341827669193309 1.28278400479329 0.121960744264712 0.00115844863158433 0.144760829437263 0.000868167523196107 0.895574112856258 1.82981752984112 0.00285857514100089 0.039394246840936 0.0474752095696634 0.0287738941895222
0.108926416210827 0.00931293232606998 0.00118811228082972 0.0431868021973049 0.0546326830299355 0.0192939202038345 0.320903760859842 0.146961183954076 0.0749429038081045 0.00199242813745313 0.142640914473344 0.00795063495800215 0.642149470582546 0.536563979419178 0.00141635843779578 0.118849136864513 0.00058402497986032 0.558673354106766 1.31759466895206 0.00156974709462389 0.0173807574816373 0.0217568575640844 0.0191393609379876
0.0884298523070007 0.00558727153227542 0.00195961546825601 0.0979070227784731 0.128199563380794 0.00906564947890057 0.559836757851621 0.126839913859209 0.0332441929385635 0.00216885919306275 0.081170844568501 0.0169716422640094 0.407892073344255 0.72896031415865 0.00142967447953200 0.0505494215972114 0.000632419574465359 0.392050814597466 1.91797480869147 0.00121382055017187 0.0117023857824428 0.0235860903162527 0.0255051157604689
0.0536517576779112 0.00284598053174472 0.00075004697778591 0.0544380486743562 0.226421210035825 0.00592868656206903 0.792326455434422 0.098422460782019 0.0449917354578744 0.00239486671415472 0.820778325454899 0.0172893523227209 0.401032221378113 0.940479332988621 0.00157551966407351 0.0465873799373035 0.000425170545167779 0.293020124901272 1.61822436727398 0.00100113950098945 0.00788923568403082 0.0324762357340496 0.0103344887895823
0.129298840596814 0.00704307124906688 0.00173955005725598 0.0524619489459691 0.0444834145006121 0.0177222940487785 0.456463468030892 0.109064362840893 0.0323290269432233 0.00161403228841111 0.235215421154327 0.0222288558841339 0.711642482969281 1.16212860451099 0.00128268471374561 0.0368551938001469 0.00062104525658686 0.477944211316191 1.17774496823454 0.00132327637331295 0.0226532276147128 0.0224824861507073 0.0177013882395852
0.09665272728602 0.0129203962480992 0.00230608631752003 0.0968400967725159 0.105750964242233 0.0126044708002605 0.531645445504986 0.105286348045064 0.0361714658917493 0.00207200891380002 0.348412217690931 0.0283021359884649 0.907382772135084 0.528116027230374 0.00229757477373604 0.0581745713153726 0.000707682528888176 0.522313904382438 1.04718685032423 0.00154225557705484 0.0186177832830925 0.0224487637364657 0.0182827421927106
0.147294518802220 0.0172205028196115 0.00291757800193207 0.0705364323318547 0.0920909148577931 0.0209307013912662 0.668450818485682 0.205384037051484 0.0657410290807247 0.00450765455583929 0.349379219056489 0.0287693615701933 1.80902292559067 1.30709012267706 0.00309563269925054 0.128582929888925 0.00148077802364986 0.663371182457894 0.839682309133754 0.00288561245901587 0.0270757660266869 0.0223779402000772 0.0229325112166866
0.209296231622228 0.0237562211546392 0.00517783823732447 0.0576795305118897 0.149362706766631 0.0445851292403057 1.11379820845771 0.222228849448090 0.0439498095933979 0.00532177730119292 0.327249550793597 0.0382589412130436 1.62952114637389 1.96965825573541 0.00356624022287525 0.190262668340808 0.00126619549245246 1.23696656022235 3.20259174388272 0.00374088765909202 0.0323329593665196 0.0333947850815073 0.0454917054848175
0.0568608667698062 0.00660941938524823 0.00199954832956503 0.0562210702754864 0.0544319841868018 0.0197471983528654 0.342680070865187 0.0818660044016291 0.0234973642590509 0.00182369324325088 0.270705840476333 0.0231316613601922 0.608128359921976 0.468153221478199 0.00071242058967228 0.0253336424151286 0.000350041480702356 0.252317638839197 0.580549915491898 0.0016308536454177 0.0137335349646774 0.0363272063154684 0.0225244328240849
0.232655047754328 0.00916991610132453 0.00142622723534240 0.0818671275103061 0.115245797294608 0.026449867118055 0.483590820217765 0.157072244986031 0.07910794696507 0.00193776891291326 0.338951275397239 0.0220944148932657 0.685053684263445 0.505761796161217 0.000812998701629886 0.0707200862232298 0.000584981934939927 0.37190427319117 1.91680099710758 0.00235943655921093 0.0238068625367640 0.0401116780208586 0.0147345952582337
0.271206413172842 0.0132316876367031 0.00460811945867807 0.101591843914468 0.378608044022585 0.0435395449898770 1.9390471202286 0.225164117532617 0.0733350388858283 0.00514992875593659 0.882286332444994 0.0378245767563007 2.18787352915975 1.01845004975004 0.00509930702585178 0.160878434765211 0.00228533033541430 0.849994303367628 2.02733991423375 0.00486580417782825 0.0323722066037867 0.0395156269068192 0.0309061204700171
0.056826721124499 0.00294698275187035 0.00117395992036165 0.0359065604561699 0.103085871595490 0.00881555341749667 0.0749816735614812 0.127387515561262 0.0227114946647183 0.000631266269385311 0.231662811308537 0.00919601372579631 0.464510865033739 0.0934888962202744 0.000653269815703988 0.072682355401496 0.000345445160158481 0.185989986611745 0.470604553402096 0.00122757476192634 0.00689362797442541 0.0117212407347564 0.00612259346172862
0.129720454179903 0.00899374281021274 0.00221371652257252 0.0549529842275514 0.0659050016337709 0.0213770747953994 0.342928446409204 0.187317305347728 0.0257846044879033 0.00336239385016712 0.198614584054006 0.0148744349495773 0.842010635266308 1.16840358457113 0.00102651219141340 0.0909699726157696 0.000793404045300682 0.700633839947033 0.557691384045222 0.00236609286168320 0.0201214520720088 0.0450568976134257 0.0199185562576842
0.093268617842428 0.00782512417777939 0.00291294257388417 0.117194682106730 0.11809627839083 0.0172551479111956 2.33275774838510 0.156614614749320 0.0729774214038513 0.00263261551050328 0.345575432711671 0.0250375318249432 0.511484618758753 1.35549475393419 0.00218813757835457 0.106532404073817 0.00048862263460468 0.448543701223285 1.04135992180809 0.00212619369276598 0.0224228418630450 0.0512624490373473 0.0281127542363236
0.121322060265200 0.0110274484113937 0.00207943701841501 0.068562059066486 0.07225882549794 0.0174687128496007 0.857665757693265 0.235685644189760 0.0789183653756202 0.00271295044635171 0.229263078630748 0.0431920168770634 0.479541846080956 1.04718795797602 0.00162357816590332 0.0728543357035152 0.00109988893579044 0.405759572665101 1.52315937512019 0.00187619930411635 0.0262867105133907 0.0267004216352997 0.0143612239720454
0.122915455692261 0.00247196454096181 0.00102679856228175 0.0750052582054233 0.0627442689103116 0.0108342716981661 0.266543225977767 0.113173351898235 0.0340172277813846 0.00117376174723437 0.130470560188314 0.00940258442015337 0.678769743076766 0.337465890142149 0.00204848543915031 0.0682906578405145 0.000364714345944985 0.291740819489609 0.700955094571919 0.00281192344578381 0.0105775703380798 0.015581090373357 0.0156592904996166
0.143016491365107 0.00750622421255374 0.00357898066235886 0.0880993689818502 0.0887410544641321 0.0240634210830008 0.0100098820145649 0.202104733939397 0.03396691167922 0.00380441859458703 0.212392758161518 0.0305072911803133 1.11339888362476 0.0608010066871085 0.000909332680381464 0.0644295607702252 0.00108512864028321 0.932537065783978 1.44224097903476 0.00280595914953676 0.030180929163809 0.0163716718325393 0.0208451994640764
0.0666505896413474 0.0061627487804646 0.00201177123773700 0.0609301866952476 0.0743793360112209 0.0122940007850798 0.568436988510538 0.204096250575670 0.0265627046718058 0.00237060487608755 0.267284259479413 0.0194028612848980 0.94989819850829 0.516287356141141 0.00127219962196267 0.0805820607428416 0.000777572380439062 0.305939064444346 0.924253250275998 0.00443302230543201 0.0127486470013641 0.0208989879575418 0.0219082639097099
0.0309399950077202 0.00401579965284569 0.000639278853772667 0.0822941470962295 0.113367618973638 0.0043363716538414 0.719449009841897 0.103139240698903 0.0266199071395778 0.000883863941251077 0.170151178894716 0.0207975582885480 0.236724974171016 0.264184714573914 0.00166773520045214 0.0244026228623068 0.000161526141971271 0.216679745016570 0.475764446067826 0.000691801845753165 0.00458359097317161 0.0182431316023712 0.0101311389807904
0.149707353038659 0.0116254603209006 0.00503327744495165 0.0804341454350252 0.205916283602603 0.0372542875251268 1.80395902738938 0.170667528599055 0.0332936202373931 0.00318469822054300 0.470357202147537 0.0199073358277509 1.12040368809962 2.66557540431971 0.00249180820738358 0.135025586574809 0.000679186527582262 0.538462487160487 1.03708771406164 0.00499998581758242 0.0158888976291379 0.0290427693926873 0.0260058129174991
0.381582708991329 0.0122342145747791 0.00522612642471985 0.0995919640343507 0.133641717161096 0.0252026843503360 0.6054534889665 0.294555835549875 0.0462407286362239 0.00402006344190073 0.363620577674056 0.0454814639012379 1.54983616166397 0.612265290558149 0.00255905499436795 0.126850198171176 0.000934916793111943 0.882894383153497 2.94448575423360 0.00367678415386624 0.0435120154806883 0.0716098819166197 0.0323504267894222
0.238599805390071 0.0163326637820992 0.00325104535735523 0.0849049766800981 0.174117475211619 0.0443909304233531 2.67516951170585 0.291558610985942 0.0574494155504971 0.00640559290482377 0.326440142418708 0.0300340597082274 1.13952835071943 3.48812764381712 0.00320072118635378 0.123296397300520 0.000907269272420358 0.659068357577841 1.50212100027487 0.00356340864476709 0.0164752836749965 0.0324386380750474 0.0398197034836001
0.0932493235181823 0.0103661450285794 0.00212578441545654 0.0460023289520063 0.114756517417133 0.0212527825397137 0.295036096462435 0.133699262852485 0.0296799351095932 0.00222251862831680 0.290348494381913 0.0424623187752393 0.32953533735268 0.348314826947086 0.00102906858457933 0.0535910587048906 0.000444661264247973 0.354084000832843 0.840222095322914 0.00114325981881260 0.0187857216556094 0.0230981817237568 0.021524698318409
0.0627884211512531 0.00487964317454751 0.00108479866782878 0.0358419192182273 0.046750512790734 0.00566118989537882 0.238948869037717 0.0702011767532108 0.0414224144052232 0.00145664067439676 0.293174230678627 0.0222166193815733 0.369441605999427 0.76362358662786 0.00106610122138589 0.0258751600100371 0.000287406718922493 0.253317695447747 0.586103950663066 0.00133635693693266 0.00508613984020679 0.0201857546750737 0.0123484720408523
0.0969714083723746 0.00348094824027219 0.00135625899518918 0.0434771671788523 0.122737987681890 0.0122072979530741 0.306151768134637 0.0878688795509818 0.0377601574260212 0.00150288523577861 0.194738472154513 0.0162352972334017 0.485276800651412 0.459851153130283 0.00118645800957377 0.0515964980376132 0.000638046693490708 0.288222158262359 0.609750775205771 0.00197694845729917 0.0145924399491624 0.0200761818229476 0.0106173595418873
0.216307401712561 0.0152808004072533 0.00686090761492378 0.0770340858120936 0.153776952345503 0.0196374037774693 0.688828784528766 0.288941980978636 0.0706774185405254 0.00395110404740236 0.312900276415526 0.0660227847630818 1.41021870581824 0.95350339444692 0.00259125636295315 0.108743915984719 0.00112595785294549 0.40029764162306 1.22506583596602 0.00360055632822134 0.0259502347328203 0.05009690892293 0.0377786481513285
