2001-05-13 134 0.0565 0.0749 0.0258 3.4162 0.0276 0.77556 0.76451 2.6348 1.3048
2001-05-14 206 0.10502 0.0947 1.023 8.238 0.34305 0.90561 0.68558 3.6232 0.60222
2001-05-15 216 0.30177 0.00873 3.5941 10.312 0.51018 0.96665 0.48974 3.3069 0.31276
2001-05-16 223 0.11338 0.0246 0.90901 10.789 0.46396 0.93211 0.36254 3.0546 0.36266
2001-05-18 37 0.0441 0.0133 0.13403 6.5265 0.0371 0.26253 0.88878 0.90091 0.0904
2001-05-19 349 0.16499 0.0407 0.0523 10.926 0.22452 1.1396 1.3333 0.55776 4.4689
2001-05-20 163 0.0566 0.023 0.0129 15.163 0.0118 0.45933 0.60356 0.82738 3.5686
2001-05-21 271 0.0483 0.0378 0.0761 2.0983 0.0534 0.33867 0.34901 0.63044 0.29909
2001-05-22 260 0.1322 0.0251 0.15367 2.3666 0.0717 0.41198 0.33205 1.1861 0.38458
2001-05-23 238 0.0524 0.000137 0.0598 2.1364 0.34089 1.6542 0.000629 0.56242 0.29899
2001-05-24 273 0.00991 0.0069 0.00857 1.3104 0.0085 0.23439 0.39974 0.92194 0.5917
2001-05-25 245 0.1722 0.00485 0.0607 3.1089 0.26698 0.17688 0.18011 0.62197 1.9246
2001-05-26 254 0.0253 0.026 0.01 4.2815 0.11935 0.12724 0.18343 0.64038 0.36993
2001-05-27 314 0.0368 0.0395 0.0255 2.734 0.083 0.0876 0.54527 2.091 0.80712
2001-05-28 36 0.11049 0.0744 0.019 6.2818 0.0433 0.12208 0.66002 0.9747 1.5413
2001-05-29 120 0.11818 0.043 0.0378 9.2673 0.0417 0.28563 0.72552 2.0576 3.1865
2001-05-30 112 0.11203 0.039 0.10266 11.547 0.0557 0.31883 0.92899 0.87643 3.8747
2001-05-31 209 0.0286 0.0131 0.0219 11.884 0.00773 0.14662 0.44411 0.35234 3.4857
2001-06-01 270 0.0334 0.0195 0.20601 3.1718 0.15579 0.29029 0.22832 1.1502 0.89018
2001-06-02 297 0.0154 0.0334 0.00321 1.6098 0.0291 0.24616 0.30442 2.0155 0.1798
2001-06-03 92 0.36753 0.06 0.0386 1.9139 0.11532 0.18836 0.51936 2.0004 1.6414
2001-06-07 351 0.33928 0.13523 0.0732 8.2633 0.24069 0.26426 2.0373 2.2912 2.6491
2001-06-09 56 0.28696 0.0583 0.12004 15.726 0.13167 0.30632 1.9453 4.6169 1.2025
2001-06-11 213 0.40643 0.30651 0.0315 18.634 0.9045 0.24118 0.3246 2.0165 0.71958
2001-06-12 180 0.18818 0.50338 0.00609 18.194 0.13816 0.50646 0.90045 3.2087 0.60277
2001-06-13 174 0.0197 0.7862 0.0000417 14.19 0.0199 0.93964 0.73246 2.6374 1.4587
2001-06-14 179 0.000705 0.4027 0.00172 6.2082 0.0683 1.4282 0.70139 3.7864 0.78834
2001-06-15 284 0.0886 0.054 0.0136 1.6916 0.0529 0.32402 0.69924 1.9828 0.47776
2001-06-16 241 0.68511 0.0566 0.000186 3.2879 0.16471 0.28942 0.69976 3.1896 0.56548
2001-06-17 201 0.1298 0.12163 0.0196 3.8527 0.20433 0.3905 1.0752 3.3997 0.39822
2001-06-18 197 0.25008 0.32337 0.00713 5.3295 0.50708 0.5534 0.31869 2.8646 0.21003
2001-06-19 254 0.14015 0.27111 0.0133 11.546 0.11749 0.70311 0.74448 4.5902 0.52999
2001-06-20 46 0.21974 0.10786 0.0789 8.3734 0.14486 0.38099 1.4639 1.4805 2.4059
2001-06-21 303 0.0566 0.0686 0.0236 12.931 0.0529 0.18939 0.52447 1.3208 2.8381
2001-06-22 357 0.0609 0.084 0.0202 5.6714 0.13428 0.25814 1.1525 1.4664 1.8647
2001-06-23 4 0.0744 0.084 0.0278 7.3016 0.21498 0.13874 1.393 2.0528 0.94393
2001-06-24 142 0.0862 0.1166 0.014 12.861 0.0185 0.10497 0.4946 1.6171 1.4291
2001-06-25 158 0.047 0.0952 0.0144 20.54 0.0227 0.29383 0.92818 3.0265 1.0292
2001-06-26 117 0.0624 0.0544 0.0131 20.463 0.0457 0.24057 1.2271 2.2112 0.53337
2001-06-27 160 0.0629 0.1434 0.0188 20.658 0.0198 0.36388 0.9272 3.4829 0.46886
2001-06-28 164 0.0127 0.14798 0.00745 11.435 0.0117 0.27017 0.40907 2.0162 0.93266
2001-06-29 165 0.0581 0.10867 0.00216 10.255 0.0133 0.4067 0.66981 2.6018 1.0671
2001-06-30 187 0.14943 0.254 0.0102 10.637 0.17192 2.0692 0.98768 2.482 1.6001
2001-07-01 9 0.24768 0.46186 0.0146 5.086 0.1454 1.1378 0.85448 1.0227 0.75355
2001-07-02 85 0.0271 0.21079 0.0101 1.557 0.0204 0.21584 0.66007 1.7709 0.38623
2001-07-03 215 0.27012 0.45448 0.0204 7.6206 0.14478 1.2315 0.97488 1.8685 0.47627
2001-07-04 324 0.19163 39.103 1.1802 0.33399 0.0288 0.00202 0.00603 0.15538 0.0252
2001-07-05 1 0.36193 4.6579 0.19652 3.907 0.12393 0.0169 1.7474 1.9285 1.4823
2001-07-06 155 0.0472 0.23152 0.0273 6.1248 0.023 0.15758 0.43582 1.6412 0.35037
2001-07-07 214 0.11531 0.53959 0.0765 8.8107 0.33943 0.50952 0.29902 2.0472 0.36695
2001-07-08 252 0.0678 0.21018 0.10579 7.1851 0.13306 1.4171 0.90581 1.4931 0.35036
2001-07-09 307 0.0505 0.18928 0.0203 7.685 0.0412 2.354 1.6309 2.6257 0.44783
2001-07-11 47 0.15528 0.18983 0.017 5.3341 0.0371 0.33669 0.94259 1.9481 0.39406
2001-07-13 41 0.74916 0.0408 0.0948 6.8217 0.2147 0.27506 1.2259 2.731 0.93354
2001-07-15 156 0.0312 0.075 0.0139 9.6532 0.0118 0.26328 1.1044 3.0908 0.23804
2001-07-17 178 0.0545 0.0568 0.17078 19.374 0.0337 0.80025 0.78646 2.6736 0.13917
2001-07-19 160 0.0678 0.0284 0.33619 3.8143 0.0533 0.35546 0.87302 1.2283 1.4643
2001-07-21 169 0.0728 0.0672 0.0226 16.798 0.0228 0.41173 0.76307 2.2971 2.2425
2001-07-23 172 0.14193 0.0721 0.2506 8.5261 0.0859 0.0849 0.93592 2.3673 0.80954
2001-07-25 10 0.17446 0.0474 0.31065 7.1758 0.14254 0.28106 1.0977 2.6096 0.11664
2001-07-27 102 0.0343 0.0371 0.0094 21.134 0.00971 0.17186 0.75852 1.0389 0.96168
2001-07-29 203 0.0575 0.0719 0.00618 7.8133 0.0438 0.22302 0.60162 1.8327 0.32521
2001-07-31 159 0.0281 0.0276 0.03 14.539 0.000275 0.48859 0.83361 2.7531 0.29575
2001-08-02 185 0.2777 0.036 0.15445 13.416 0.59437 0.3733 0.31572 2.155 0.70857
2001-08-04 38 0.0947 0.0402 0.0288 14.108 0.0378 0.10473 0.49335 0.87439 1.313
2001-08-06 70 0.0604 0.0202 0.0221 27.115 0.0204 0.19286 1.9477 1.7491 0.00137
2001-08-08 142 0.0648 0.0393 0.0453 19.284 0.005 0.4672 0.73437 1.6663 0.41593
2001-08-10 350 0.11202 0.0557 0.12612 8.4973 0.0519 0.24144 0.96713 1.1876 1.392
2001-08-12 43 0.18281 0.0804 0.0856 9.3766 0.0993 0.16075 1.423 1.8084 0.29385
2001-08-14 29 0.44916 0.0593 0.21208 3.4776 0.32455 0.24495 2.8656 2.6776 0.35982
2001-08-16 283 0.0753 0.0382 0.14359 4.8944 0.0703 0.15609 0.58803 1.4812 0.32495
2001-08-18 262 0.24549 0.0581 0.0183 4.4228 0.0993 0.2438 0.32242 1.4865 0.35244
2001-08-20 151 0.35093 0.048 0.1474 7.6279 0.092 0.22711 2.1927 3.4191 0.61424
2001-08-22 202 0.49196 0.0467 1.1993 6.8847 0.62029 0.97996 0.64681 2.5862 0.33437
2001-08-23 64 0.15013 0.0525 0.14879 3.5654 0.064 0.32162 1.0537 1.7282 0.77727
2001-08-24 105 0.0266 0.0471 0.0391 7.902 0.0197 0.29994 0.92089 0.7836 2.0889
2001-08-25 193 0.0753 0.0706 0.0245 8.4456 0.0854 0.26872 0.38168 0.85079 1.059
2001-08-26 349 0.013 0.0425 0.0373 6.8946 0.0106 0.0708 0.58755 1.52 0.82067
2001-08-27 188 0.23528 0.0619 0.21858 8.1712 0.17875 0.10096 2.9293 3.1196 1.092
2001-08-28 338 3.9541 0.00226 0.92457 10.403 0.68061 0.18099 0.71904 2.8657 1.2671
2001-08-29 94 0.0347 0.1287 0.0186 12.967 0.0522 0.4001 0.91973 3.4821 0.96142
2001-08-30 190 0.2411 0.1616 0.40131 10.727 0.24046 0.51925 0.53826 3.0282 0.38739
2001-08-31 346 0.0473 0.0475 0.0879 5.9924 0.0291 0.32271 0.85706 1.8551 0.65221
2001-09-01 69 0.15372 0.0691 0.0233 4.9714 0.14296 0.23062 0.96799 1.1847 0.4279
2001-09-02 103 0.0505 0.0957 0.0097 10.546 0.0265 0.23804 0.76387 1.723 0.62032
2001-09-03 48 0.57106 0.0375 0.66189 19.884 0.0577 0.25932 1.2482 3.0951 1.1959
2001-09-04 78 0.29118 0.0589 0.54571 18.017 0.25081 0.28401 1.3511 2.8659 1.2518
2001-09-05 79 0.178 0.0592 0.20286 13.709 0.0342 0.4573 1.2623 3.0182 0.24952
2001-09-06 162 0.0113 0.0479 0.0291 21.91 0.00879 0.27879 0.49471 2.3089 0.59164
2001-09-07 175 0.0107 0.0661 0.0188 6.8044 0.00909 0.36807 0.31053 3.028 0.20045
2001-09-08 199 0.0537 0.0628 0.0241 2.66 0.11666 0.5055 0.25116 2.0426 0.22239
2001-09-09 256 0.0466 0.0387 0.0921 1.9961 0.0895 0.13031 0.33426 1.5551 0.59537
2001-09-10 207 0.30163 0.0385 0.47028 3.2923 0.25665 0.11166 0.82891 1.9233 1.0009
2001-09-11 143 0.22102 0.0471 0.99682 4.6846 0.0935 0.298 2.4104 3.5342 1.6174
2001-09-12 146 0.0868 0.067 0.0933 11.036 0.17072 0.27976 1.8718 2.9602 1.4649
2001-09-13 25 0.1301 0.0536 0.0946 13.002 0.10351 0.37353 1.9144 2.2857 1.5327
2001-09-14 57 0.0375 0.0367 0.00895 2.6685 0.0291 0.26365 0.42529 1.0905 0.2025
2001-09-15 69 0.0453 0.0875 0.0254 4.4604 0.0438 0.41527 0.77302 2.4797 0.54353
2001-09-16 96 0.24364 0.0968 0.34203 13.287 0.0471 0.24352 1.4666 2.9717 0.8281
2001-09-17 192 0.37917 0.15077 0.61681 15.517 0.0914 0.29873 1.2088 4.196 2.3383
2001-09-18 161 0.11409 0.18406 0.16909 14.584 0.053 0.29663 0.72014 1.5026 2.0805
2001-09-19 280 0.0689 0.0115 0.30024 12.069 0.17937 0.19136 0.7526 1.0204 1.2105
2001-09-20 200 0.88245 0.000398 0.82394 9.3461 0.32776 0.0671 0.52084 3.6643 1.3935
2001-09-21 305 0.0589 0.0478 0.40116 3.9129 0.0297 0.11527 0.56043 1.582 0.55204
2001-09-22 166 0.12872 0.0808 0.0529 3.7143 0.0606 0.27364 1.3228 5.2334 0.75755
2001-09-23 311 0.078 0.0864 0.0422 4.2859 0.10107 0.21232 0.29748 2.3299 0.46836
2001-09-24 353 0.13244 0.0629 0.00853 1.1101 0.0662 0.17314 0.61515 1.8095 0.13956
2001-09-25 340 0.16983 0.0936 0.0399 1.0766 0.23252 0.208 0.8451 3.1327 0.53457
2001-09-26 264 0.41329 0.0258 0.42263 1.0135 0.14395 0.13109 1.0321 4.1002 0.54999
2001-09-27 330 1.1167 0.0298 0.39051 1.5968 0.22075 0.20302 1.4072 6.2732 0.75745
2001-09-28 38 0.0492 0.034 0.0886 3.8334 0.0639 0.16313 1.5903 2.7266 1.3464
2001-09-29 35 0.10252 0.0567 0.0292 3.7721 0.0427 0.15535 1.0207 3.5073 1.4322
2001-09-30 11 0.34747 0.0971 0.0735 5.5562 0.12349 0.24342 1.5001 4.6951 2.1659
2001-10-01 244 0.30045 0.0636 0.45579 7.5788 0.3463 0.6228 1.5567 4.2281 1.3719
2001-10-02 217 2.3445 0.0106 0.3005 6.2718 0.59886 0.49551 1.188 5.9915 0.43449
2001-10-03 212 0.31303 0.089 0.24149 6.5385 0.35952 0.57469 1.4061 4.4231 0.28283
2001-10-04 227 0.39395 0.13551 0.3507 11.049 0.50147 0.44934 0.77991 3.0666 0.51198
2001-10-07 185 1.8714 0.16867 0.54579 2.9329 0.28532 0.11719 0.40153 1.9217 0.000176
2001-10-08 165 0.0285 0.0778 0.19452 3.4096 0.0213 0.18029 0.69632 1.6286 1.1357
2001-10-09 168 0.0171 0.12899 0.00356 6.9137 0.0268 0.23423 0.41705 1.415 0.85571
2001-10-12 188 0.0343 0.000147 0.0717 4.4366 0.017 0.0568 0.34226 0.64125 1.852
2001-10-13 203 0.00219 0.00906 0.00922 3.1319 0.00639 0.0475 0.25345 0.29566 1.7988
2001-10-14 258 0.0167 0.033 0.26283 1.9832 0.0309 0.16702 0.39335 1.0792 0.44756
2001-10-15 351 0.0998 0.0279 0.82879 0.90126 0.069 0.18559 1.0579 1.6142 0.3811
2001-10-16 306 0.0198 0.0171 0.0388 1.0605 0.0465 0.13674 0.66538 1.4823 0.54308
2001-10-18 177 0.0209 0.0546 0.31122 2.1467 0.0701 0.34071 0.29383 2.2541 0.467
2001-10-19 307 0.24165 0.13407 0.53625 2.4195 0.17346 0.37344 1.4534 3.634 1.7134
2001-10-20 188 0.43624 0.20868 1.0472 6.8947 0.0983 0.38325 1.3258 3.4173 1.7647
2001-10-21 191 0.19932 0.16816 0.21397 10.132 0.16993 0.36468 0.4251 1.1521 1.3948
2001-10-22 182 0.0443 0.17318 0.82461 10.868 0.0343 0.36558 0.61504 2.5006 1.6066
2001-10-23 198 0.17835 0.10318 0.63766 5.7434 0.13844 0.15723 0.50915 1.2624 0.3519
2001-10-24 259 0.0116 0.0538 0.0556 3.0187 0.0123 0.25234 0.28588 1.1733 0.48775
2001-10-25 278 0.00864 0.0358 0.0189 1.4593 0.0084 0.22868 0.27346 1.0755 0.1005
2001-10-26 307 0.0101 0.0221 0.00728 1.9536 0.00961 0.2201 0.27947 1.3348 0.24256
2001-10-27 322 0.0525 0.0828 0.0139 2.1769 0.0303 0.17247 0.64972 2.2302 2.273
2001-10-28 168 0.18474 0.24903 0.0116 2.311 0.0654 0.17969 0.65519 3.0795 2.7974
2001-10-29 173 0.0514 0.13899 0.0239 3.7317 0.0237 0.53362 0.26498 2.7915 0.85637
2001-10-30 169 0.0843 0.2861 0.0266 4.9054 0.085 0.64002 0.9041 3.681 1.6047
2001-11-01 189 0.0296 0.2837 0.14544 6.5098 0.0282 0.26128 0.28302 2.0207 0.35699
2001-11-02 267 0.0409 0.1001 0.84919 2.1397 0.0884 0.20412 1.6576 3.0842 0.65911
2001-11-03 170 0.17656 0.18669 0.11992 1.0905 0.10563 0.72775 2.5637 4.0278 1.4926
2001-11-05 68 1.178 0.18472 0.10721 0.85273 0.25407 0.23666 1.3084 3.7905 1.2956
2001-11-06 167 0.0464 0.16222 0.0497 2.2742 0.0455 0.3556 1.5057 6.3683 1.5168
2001-11-07 192 0.18187 0.15361 1.4038 4.4091 0.32187 0.50932 1.7735 6.1359 1.7533
2001-11-08 315 0.34632 0.25572 0.12194 5.4449 0.10214 0.27203 0.60528 3.2867 3.725
2001-11-09 209 0.22338 0.0897 0.66286 2.151 0.19196 0.19133 1.6922 4.7952 3.3527
2001-11-11 42 0.1977 0.27978 0.0335 1.6589 0.0954 0.20176 0.93754 2.918 3.8237
2001-11-12 156 0.1381 0.18838 0.069 2.7851 0.0622 0.25185 2.5604 3.4499 3.0427
2001-11-13 179 0.054 0.20115 0.29287 7.9558 0.047 0.50641 1.4065 3.8004 1.6171
2001-11-14 177 0.10231 0.31361 0.0376 12.303 0.0561 0.60754 0.7838 3.8599 5.5014
2001-11-15 208 0.29559 0.29438 0.15405 14.67 0.34434 0.44238 1.305 3.2464 4.991
2001-11-19 317 0.00738 0.11502 0.0159 3.3265 0.0535 0.25027 0.45448 1.7245 1.8173
2001-11-20 239 0.0395 0.0914 0.0714 0.14855 0.0631 0.22281 1.3278 3.9354 3.114
2001-11-27 283 0.0109 0.0148 0.0565 2.2628 0.0284 0.15354 0.5253 0.97598 1.7978
2001-11-28 3 0.0434 0.0439 0.012 3.7127 0.15456 0.22899 1.5151 0.27027 4.4287
2001-11-29 0 0.0455 0.11903 0.0326 1.946 0.15875 0.19153 2.2508 0.22529 0.83637
2001-11-30 207 0.0376 0.0254 0.12337 2.181 0.0269 0.0521 0.28315 0.39625 1.0736
2001-12-01 206 0.5914 0.0435 0.48724 2.7804 0.13175 0.17881 0.9591 1.8184 6.7692
2001-12-02 166 0.0447 0.0774 0.017 3.6075 0.0263 0.12292 0.54364 2.493 6.1875
2001-12-03 176 0.0462 0.10452 0.33505 4.5942 0.0721 0.2041 0.85855 2.448 2.5264
2001-12-04 174 0.0603 0.12153 0.23869 5.2849 0.0292 0.1742 0.31095 1.3794 0.78611
2001-12-05 178 0.0178 0.1591 0.0194 11.397 0.015 0.23823 0.32067 1.5235 1.265
2001-12-06 174 0.1381 0.0501 0.0893 1.5122 0.0586 0.12269 0.82661 1.1474 1.6019
2001-12-08 338 0.35824 0.0611 0.00518 5.1711 0.15138 0.13788 0.88313 0.74596 1.6729
2001-12-09 31 0.0568 0.0751 0.0467 0.57064 0.0748 0.1273 1.1084 2.0232 3.9211
2001-12-10 170 0.52828 0.15933 0.3958 1.7097 0.1065 0.21394 2.156 3.9718 6.7881
2001-12-11 145 0.17789 0.15935 0.17997 6.8262 0.0879 0.30552 2.1735 1.691 12.02
2001-12-12 162 0.0288 0.0392 0.0234 3.509 0.0215 0.13475 0.53357 0.43525 3.2679
2001-12-14 355 0.0648 0.0319 0.0374 3.0914 0.0313 0.10972 0.4518 0.79597 3.0121
2001-12-16 141 0.0163 0.0393 0.00557 3.0643 0.0128 0.10035 0.16611 0.2459 2.2466
2001-12-17 332 0.042 0.0213 0.0133 4.1356 0.0339 0.10083 0.66973 0.45613 5.5238
2001-12-18 174 0.19863 0.0522 0.27139 2.7764 0.0497 0.13428 0.92165 1.7968 2.9004
2001-12-19 307 0.0454 0.0465 0.0275 1.8605 0.0509 0.12025 0.61629 1.6786 2.8928
2001-12-20 235 0.28639 0.0846 0.0232 0.81934 0.27466 0.14496 1.5753 3.4475 1.4626
2001-12-21 158 0.56569 0.10892 0.0585 0.80611 0.20776 0.30379 1.5289 2.644 2.4613
2001-12-22 181 0.0125 0.0732 0.00352 3.5044 0.0199 0.13799 0.26532 0.70543 2.0447
2001-12-23 262 0.0163 0.0258 0.000953 3.2423 0.0378 0.20556 0.18095 0.6312 2.3054
2001-12-24 284 0.0131 0.0761 0.0132 0.9222 0.0166 0.0903 0.20331 0.60365 2.3301
2001-12-25 275 0.0203 0.1811 0.00379 2.0691 0.0289 0.13786 0.23256 1.0008 3.1904
2001-12-26 277 0.00838 0.0422 0.00579 2.1771 0.014 0.10565 0.19742 0.78001 3.2231
2001-12-27 257 0.0138 0.0501 0.0122 1.4939 0.0396 1.4048 1.6497 1.4243 2.6946
2001-12-28 287 0.0272 0.0419 0.0102 1.9789 0.0854 0.12236 0.48311 1.7481 2.4462
2001-12-29 314 0.0241 0.0379 0.0193 1.7313 0.0466 0.1617 0.22085 1.0756 1.8049
2001-12-30 299 0.00753 0.0975 0.0213 2.0796 0.0621 0.0771 0.16423 1.4938 2.2966
2001-12-31 288 0.0174 0.13324 0.0108 4.3078 0.0214 0.0815 0.33099 1.2696 3.3918
2002-01-01 326 0.0823 0.24301 0.0382 2.1778 0.16192 0.0995 0.76415 3.7027 3.8508
2002-01-02 338 0.0719 0.12726 0.0959 2.4567 0.23195 0.251 0.60917 2.8128 9.1193
2002-01-03 302 0.0955 0.13712 0.0835 3.2804 0.20534 0.18465 0.78839 4.6368 8.9523
2002-01-04 194 0.19724 0.18266 0.0983 3.0827 0.20685 0.28125 0.32566 2.8069 3.5171
2002-01-05 222 0.12812 0.17033 0.18334 3.1953 0.0384 0.25665 0.43659 1.0627 7.515
2002-01-06 322 0.0335 0.0433 0.0607 5.8602 0.18386 0.12277 0.00149 0.83077 7.88
2002-01-07 292 0.0727 0.12254 0.12436 3.6807 0.0911 0.0957 0.41847 1.7238 3.9607
2002-01-08 185 0.15891 0.0967 0.95827 2.1914 0.0203 0.15542 0.72488 1.3769 2.7246
2002-01-09 210 0.73669 0.27289 0.50552 2.55 4.1004 0.00241 0.55731 3.3657 3.1206
2002-01-10 326 0.16321 0.17247 0.18444 1.4411 0.26499 0.29816 2.0025 4.1844 4.0409
2002-01-11 256 0.1417 0.0616 0.31842 2.3358 0.29405 0.0764 0.97767 4.4782 5.68
2002-01-12 269 0.11071 0.0887 0.12006 1.2666 0.0899 0.0417 0.35597 1.1678 3.3437
2002-01-13 181 0.16267 0.10752 0.24404 1.5896 0.0718 0.0485 0.60102 2.0274 3.0744
2002-01-14 260 0.016 0.0214 0.65809 3.9686 0.13088 0.19119 0.21942 1.1212 2.8697
2002-01-15 289 0.055 0.0777 0.0189 1.7246 0.088 0.16484 1.7055 3.5222 2.5648
2002-01-16 197 0.0263 0.0571 0.10185 2.3076 0.045 0.12478 0.57676 1.7324 3.5178
2002-01-17 270 0.14465 0.0616 0.0728 3.606 0.17724 0.10763 0.69965 4.469 4.9024
2002-01-18 56 0.23404 0.10841 0.26228 4.5378 0.1739 0.0734 1.3148 1.4453 9.3103
2002-01-19 293 0.0478 0.041 0.0495 5.9071 0.09 0.0931 0.3281 0.0967 13.039
2002-01-20 170 0.0751 0.0993 0.10361 7.4924 0.0281 0.0852 0.10831 0.8986 4.1294
2002-01-21 221 0.0861 0.0311 0.69621 3.398 0.25301 0.11067 0.26779 2.273 3.1947
2002-01-22 163 0.0289 0.0628 0.00943 1.5315 0.0315 0.64026 0.36944 1.6668 1.8064
2002-01-23 141 0.11814 0.11645 0.0756 6.4773 0.083 0.16416 0.64179 0.89548 4.7451
2002-01-24 320 0.0554 0.112 0.0402 6.4224 0.0528 0.12853 0.74909 1.605 0.20188
2002-01-25 197 0.56123 0.10652 0.40768 3.0842 0.19758 0.046 0.42174 2.8113 5.6452
2002-01-26 179 0.10983 0.099 0.0488 1.4858 0.0493 0.1537 0.43566 1.8922 2.1658
2002-01-27 168 0.0174 0.12696 0.0437 2.1999 0.0265 0.1623 0.30199 1.9933 2.0106
2002-01-28 175 0.084 0.22462 0.12579 5.3257 0.0986 0.25612 0.67189 3.3381 1.6562
2002-01-29 347 0.15143 0.19627 0.029 5.1207 0.16114 0.2082 4.24 3.1499 10.859
2002-01-30 15 0.0367 0.0306 0.0297 2.2498 0.0609 0.0943 1.9813 0.21048 3.4906
2002-01-31 307 0.0217 0.056 0.0234 1.173 0.0583 0.10656 1.574 0.38541 1.5791
2002-02-01 289 0.0114 0.0363 0.0248 2.8526 0.0332 0.0781 0.52076 0.81302 3.3989
2002-02-02 164 0.0706 0.0811 0.047 2.5344 0.0629 0.15983 0.85666 1.6227 4.0634
2002-02-03 287 0.22949 0.0653 0.0137 1.9327 0.27989 0.0489 0.15722 0.72332 3.6638
2002-02-04 337 0.0581 0.086 0.0148 2.8474 0.0965 0.16812 1.4222 1.7603 5.0977
2002-02-05 166 0.0693 0.11133 0.00781 0.5232 0.0485 0.0972 0.31785 3.5328 1.4579
2002-02-06 154 0.1219 0.14061 0.0464 2.3903 0.0347 0.16035 0.36694 4.5514 3.6373
2002-02-07 281 0.0828 0.13688 0.0721 3.1826 0.12237 0.19456 1.7444 3.4516 10.169
2002-02-08 172 0.47725 0.0517 0.1865 4.3398 0.28335 0.0985 0.52986 1.3692 4.5205
2002-02-09 163 0.00929 0.0542 0.00597 4.2964 0.0297 0.23497 0.31024 1.777 2.4197
2002-02-10 300 0.00955 0.00835 0.0157 4.1756 0.0107 0.0986 0.12265 0.13118 3.2542
2002-02-11 210 0.0321 0.00192 0.55483 1.8989 0.0321 0.10728 0.30189 1.1942 3.4222
2002-02-12 294 0.0369 0.0377 0.0084 0.96112 0.0405 0.39815 0.55211 1.269 1.0638
2002-02-13 337 0.0575 0.0535 0.0301 1.7299 0.0323 0.22716 0.85223 2.6808 2.4184
2002-02-14 179 0.11011 0.0472 0.71548 2.2636 0.0959 0.17204 0.53857 2.4552 2.3766
2002-02-15 261 0.31266 0.0614 1.0694 2.0117 0.0609 0.20592 0.63591 1.4397 2.7222
2002-02-16 288 0.32687 0.0828 0.0468 1.6549 0.18356 0.13144 0.32919 1.6852 1.2886
2002-02-17 2 0.0125 0.0611 0.00888 1.9451 0.11426 0.16603 1.4623 1.3074 2.6912
2002-02-18 160 0.0158 0.0754 0.00376 2.3628 0.024 0.17936 0.25911 1.9444 3.2284
2002-02-19 169 0.0188 0.0986 0.0503 3.8615 0.0145 0.11498 0.18353 0.73993 1.3201
2002-02-20 256 0.00725 0.0249 0.21468 4.5643 0.0413 0.1531 0.29531 0.35871 3.2492
2002-02-21 304 0.0421 0.0193 0.00612 6.4256 0.0145 0.10033 0.28155 0.5127 3.3342
2002-02-22 338 0.6179 0.0557 0.013 3.9032 0.15541 0.18268 0.88536 2.4599 3.3662
2002-02-23 161 0.14456 0.0898 0.0442 2.6432 0.0824 0.1958 0.50471 2.4744 3.4596
2002-02-24 163 0.0638 0.0781 0.00822 4.6485 0.0263 0.25692 0.31214 1.6798 2.2838
2002-02-25 307 0.0383 0.0457 0.20685 5.3499 0.0646 0.0897 0.29687 0.69145 4.1751
2002-02-26 289 0.0133 0.0193 0.000905 3.0185 0.0118 0.10565 0.1203 0.66344 2.3791
2002-02-27 285 0.0319 0.0326 0.0131 1.3873 0.0205 0.18551 0.54796 1.2829 2.8305
2002-02-28 221 0.17535 0.12729 1.1167 1.3275 0.0964 0.16111 1.4657 3.4942 4.4479
2002-03-01 148 0.0288 0.11667 0.000364 1.8399 0.0432 0.26214 0.93279 1.6417 3.5964
2002-03-02 285 0.0178 0.0993 0.084 2.9135 0.038 0.25332 0.25592 0.54791 4.0053
2002-03-03 291 0.0179 0.0537 0.000675 1.4969 0.00674 0.25795 0.13828 0.58686 2.3432
2002-03-04 223 0.0366 0.0411 0.1483 2.8225 0.128 0.10355 0.12501 1.3655 3.8875
2002-03-05 177 0.18265 0.0894 1.5612 3.0953 0.08 0.23514 0.40996 1.9282 3.6717
2002-03-06 193 0.0076 0.11667 2.4019 4.7642 0.0313 0.27083 0.37214 1.5497 1.4579
2002-03-07 160 0.0363 0.11158 0.43151 5.3614 0.0255 0.29802 0.61272 1.3392 2.4138
2002-03-08 171 0.00655 0.10374 0.000506 4.0745 0.00923 0.27607 0.2487 1.6458 0.51453
2002-03-09 258 0.014 0.0277 0.0457 2.8854 0.0124 0.26943 0.12563 0.46529 0.73584
2002-03-10 293 0.0515 0.0441 0.13359 2.5968 0.048 0.19793 0.27896 1.124 2.9309
2002-03-11 166 0.0562 0.11265 0.0786 3.5084 0.0312 0.47152 0.39954 1.2479 3.1104
2002-03-12 65 0.0274 0.0636 0.17509 5.8198 0.16772 0.11777 1.9973 0.81045 7.4337
2002-03-13 167 0.29265 0.0582 0.25642 11.584 0.0105 0.14572 0.54475 1.0553 3.6373
2002-03-14 166 0.0134 0.0469 0.20335 6.2085 0.0562 0.44784 0.35171 1.0452 3.6767
2002-03-15 336 0.0228 0.0362 0.0255 3.8083 0.0888 0.1519 0.80548 1.5443 5.7277
2002-03-16 28 0.0274 0.0253 0.0107 6.23 0.036 0.0147 0.92764 0.45701 3.1972
2002-03-17 105 0.0381 0.0307 0.0187 11.776 0.0421 0.0486 0.45489 0.64154 5.571
2002-03-18 67 0.0676 0.0216 0.0301 12.331 0.0577 0.16771 0.76217 0.62516 6.6779
2002-03-19 37 0.0724 0.0313 0.0251 7.0054 0.0696 0.0419 0.96325 0.2991 8.6934
2002-03-20 341 0.0581 0.0228 0.11029 8.9096 0.21483 0.043 0.98566 1.69 6.7973
2002-03-21 329 0.0646 0.0233 0.0981 4.2723 0.32372 0.14377 0.18813 3.03 3.933
2002-03-23 190 0.20703 0.0671 2.2195 2.8345 0.0339 0.39347 0.21658 1.6534 1.1065
2002-03-26 331 0.0393 0.0515 0.0309 4.8093 0.12695 0.13213 0.63848 1.3453 6.3572
2002-03-27 156 6.38E-6 0.000196 4.63E-6 0.0000186 0.0781 0.0000216 7.82E-6 4.3E-6 0.0000173
2002-03-28 148 0.0536 0.086 0.0146 10.616 0.0368 0.22988 1.2405 1.1845 4.4734
2002-03-29 331 0.0308 0.0692 0.0433 4.9824 0.10442 0.21724 2.1851 1.4276 6.6517
2002-03-30 85 0.81547 0.0885 0.0193 2.2106 0.13336 0.39815 1.1081 1.4488 4.0332
2002-03-31 352 0.0316 0.0653 0.0078 2.0482 0.0404 0.72289 0.92499 1.4847 2.6251
2002-04-01 288 0.0536 0.0767 0.13029 4.3742 0.0388 0.65737 1.1436 1.4239 3.1841
2002-04-02 162 0.032 0.0182 0.91329 5.877 0.17186 0.30512 0.46564 1.4024 5.1851
2002-04-03 314 0.0374 0.0391 0.0249 5.4125 0.13764 0.15987 0.82135 2.015 3.4529
2002-04-04 330 0.0402 0.0878 0.0221 2.2674 0.13952 0.36086 1.5875 3.2673 5.6865
2002-04-05 339 0.0258 0.0817 0.17886 3.5958 0.0669 0.37122 3.2113 2.8185 7.3052
2002-04-06 252 0.0348 0.0652 0.000332 5.0495 0.0303 0.35028 0.35832 1.3913 11.704
2002-04-07 108 0.0376 0.10458 0.00627 5.8714 0.0581 0.5351 0.32088 1.5875 8.4025
2002-04-08 160 0.0164 0.0531 0.36964 7.0172 0.0628 0.33062 0.44028 1.0609 2.8403
2002-04-09 191 0.0231 0.0915 0.0357 5.7806 0.0408 0.15526 0.77945 1.575 5.2983
2002-04-10 348 0.0408 0.0426 0.0165 5.9917 0.0206 0.32018 0.56545 0.90522 5.8388
2002-04-11 145 0.0395 0.086 0.0355 8.098 0.0472 0.5967 0.55007 1.8242 5.4609
2002-04-12 166 0.0199 0.0419 0.11518 10.188 0.089 0.53886 0.50413 2.1945 4.4546
2002-04-13 8 0.069 0.0554 0.0152 18.384 0.23458 0.32033 1.7432 1.3266 7.2386
2002-04-14 33 0.0618 0.0438 0.27191 8.7714 0.0644 0.28395 0.39489 1.5712 3.3019
2002-04-15 197 0.0119 0.0631 0.77636 9.3358 0.000179 0.32544 0.35727 1.3331 0.44377
2002-04-16 169 0.00558 0.0852 0.10202 9.3044 0.0109 0.43963 0.24678 1.7907 0.25534
2002-04-17 179 0.0243 0.15402 0.063 5.8277 0.0531 0.39937 0.41558 2.7277 0.59804
2002-04-18 171 0.048 0.22793 0.0551 7.3606 0.12986 0.37822 0.19091 3.6701 0.96478
2002-04-19 181 0.0781 0.21227 0.0258 6.1541 0.14612 0.38045 0.33784 3.9502 0.57916
2002-04-20 185 0.0236 0.0262 0.0567 8.1838 0.0857 0.17655 0.93269 0.33288 6.1877
2002-04-21 17 0.0166 0.0411 0.00792 5.3225 0.00909 0.0919 0.43465 0.36116 2.5997
2002-04-22 308 0.0377 0.0285 0.00783 2.56 0.0449 0.11604 0.40071 1.1194 2.3335
2002-04-23 333 0.0229 0.0306 0.00183 5.3374 0.0167 0.42128 0.44126 1.2708 2.9512
2002-04-24 149 0.018 0.073 0.18381 5.8371 0.0544 0.4133 0.45444 1.3799 1.6817
2002-04-25 229 0.0316 0.0282 0.0265 1.3713 0.0767 0.97182 0.63605 2.2483 0.25663
2002-04-26 299 0.0455 0.0709 0.14851 0.81647 0.0193 1.0484 1.7974 1.8633 1.5487
2002-04-27 94 0.0223 0.10044 0.0025 7.809 0.0193 0.58443 0.26849 0.4694 2.6106
2002-04-28 153 0.00633 0.035 0.0942 3.2151 0.0321 0.19938 0.22153 0.44824 1.4746
2002-04-29 303 0.0768 0.0349 0.17846 6.4463 0.0822 0.1274 1.0861 3.8396 3.0886
2002-04-30 175 0.12842 0.0636 0.13471 6.6808 0.0562 0.46119 0.52926 2.0443 1.6862
2002-05-01 144 0.0243 0.14199 0.00282 8.088 0.0237 0.19282 0.68968 1.1444 4.5597
2002-05-03 337 0.20317 0.062 0.21077 2.5484 0.059 0.38687 1.8034 2.2855 1.7521
2002-05-04 102 0.0442 0.10242 0.0104 7.417 0.0304 0.43085 1.1108 1.8069 2.3968
2002-05-05 106 0.0959 0.11837 0.26181 7.7481 0.0823 0.74655 0.48207 2.4696 1.9321
2002-05-06 166 0.0282 0.14013 0.11183 5.4498 0.0204 0.52064 0.54729 0.94262 0.71634
2002-05-07 173 0.0357 0.12047 0.18717 3.0493 0.0625 0.6575 0.6118 1.618 0.41794
2002-05-08 191 0.0429 0.18066 0.20995 6.1984 0.0259 0.52505 0.46921 0.81376 0.36435
2002-05-09 187 0.0132 0.0303 0.0239 0.96252 0.00884 0.23329 0.37146 0.85784 0.2567
2002-05-10 299 0.0175 0.083 0.0059 2.8267 0.0273 0.45327 0.85844 1.9063 0.42132
2002-05-11 96 0.0137 0.10783 0.00366 8.8492 0.00558 0.5617 0.32958 1.0135 0.41623
2002-05-12 156 0.0126 0.10174 0.0196 5.8857 0.19352 0.57724 0.7876 1.0121 0.79383
2002-05-13 204 0.0146 0.0203 0.0046 3.3334 0.0119 0.24851 0.51937 0.78019 0.43683
2002-05-14 327 0.039 0.0647 0.0314 2.3259 0.0554 0.36772 1.0608 1.6521 0.53183
2002-05-15 311 0.0468 0.0589 0.13289 3.8142 0.0334 0.46338 0.46691 2.0248 0.72847
2002-05-16 182 0.051 0.0776 0.0962 5.6063 0.0994 0.42094 0.67512 1.1666 1.4497
2002-05-17 189 0.10451 0.0393 0.00506 3.3804 0.0925 0.14174 1.5248 0.51189 3.2546
2002-05-18 19 0.039 0.0162 0.0325 2.3283 0.24857 0.10488 1.0343 2.6582 3.332
2002-05-19 342 0.0719 0.0871 0.0344 2.2237 0.0519 0.37064 0.78962 1.4398 1.0694
2002-05-20 311 0.0553 0.0659 0.0837 3.4208 0.0373 0.39484 1.2203 1.7245 1.2627
2002-05-21 13 0.0471 0.05 0.0287 2.6808 0.024 0.15809 0.99404 1.1519 1.7678
2002-05-22 76 0.0279 0.0366 0.00419 7.8655 0.0381 0.23519 0.37685 1.2215 2.4708
2002-05-23 160 0.0758 0.15554 0.50874 9.6628 0.18755 0.40579 0.47735 4.387 0.71763
2002-05-24 185 0.0416 0.10242 0.12544 7.5538 0.1237 0.38009 1.3152 1.2712 3.2085
2002-05-25 341 0.0502 0.0914 0.0358 7.4572 0.039 0.27556 0.44028 0.86471 0.92812
2002-05-26 277 0.0337 0.0552 0.0293 2.9311 0.0403 0.1573 1.0221 2.0892 2.2187
2002-05-27 142 0.0195 0.0587 0.20018 7.4423 0.0396 0.25653 0.49429 1.6142 3.0962
2002-05-28 173 0.0945 0.0585 0.25167 3.8639 0.0292 0.23508 0.50904 1.4396 1.5361
2002-05-30 154 0.0318 0.076 0.0239 9.3511 0.0266 0.24787 0.79856 3.0931 3.164
2002-05-31 176 0.13992 0.0932 0.0728 11.352 0.31917 0.31866 0.52794 2.873 0.75171
2002-06-01 235 0.0538 0.0854 0.0719 7.6906 0.21682 0.36763 0.47679 3.2797 0.13059
2002-06-02 234 0.083 0.0793 0.000997 12.793 0.13831 0.34109 0.31198 1.7071 0.19407
2002-06-03 205 0.1037 0.0794 1.3204 10.526 0.18664 0.45856 0.57093 3.1821 0.27348
2002-06-04 202 0.0681 0.17206 0.13367 9.9281 0.21836 0.39754 0.65577 3.7631 0.38066
2002-06-05 212 0.0648 0.1602 0.0182 4.4971 0.0954 0.15851 0.80453 0.72974 2.1049
2002-06-06 343 0.0207 0.0468 0.00937 8.7668 0.12125 0.16452 1.3858 0.85938 2.5524
2002-06-07 352 0.0665 0.0249 0.0533 13.122 0.0138 0.14977 1.379 1.1304 4.236
2002-06-08 124 0.0214 0.0942 0.0173 15.456 0.0116 0.22815 0.69656 2.3279 0.83142
2002-06-09 172 0.0277 0.4316 0.0104 12.728 0.0439 0.26646 0.67376 1.8959 1.1512
2002-06-10 179 0.0262 0.10208 0.0252 7.2886 0.0229 0.19403 0.31746 1.6518 0.97458
2002-06-11 166 0.0193 0.13451 0.16705 4.9072 0.0224 0.19238 0.21196 0.7574 0.97482
2002-06-12 183 0.0574 0.0399 0.0626 2.7397 0.11355 0.19396 0.7271 1.4519 0.53581
2002-06-13 208 0.039 0.0414 0.0659 3.9949 0.013 0.17676 0.70507 1.1539 0.22636
2002-06-14 320 0.009 0.016 0.0094 1.519 0.00358 0.18025 0.40411 1.1928 0.12813
2002-06-15 298 0.0158 0.0339 0.00905 1.6728 0.0284 0.22822 0.49183 1.407 0.25388
2002-06-16 276 0.043 0.0737 0.0194 3.0023 0.0699 0.30521 1.3127 2.2134 0.4451
2002-06-17 357 0.0454 0.3388 0.47511 4.3798 0.0286 0.22028 1.0431 2.4719 1.0228
2002-06-18 188 0.0469 0.199 0.077 7.7246 0.0137 0.25077 0.51136 1.9281 0.5377
2002-06-19 167 0.0243 0.46408 0.0513 14.315 0.0207 0.25692 0.38384 2.0784 0.67597
2002-06-20 174 0.0228 0.17364 0.0147 16.687 0.00138 0.33211 0.47266 2.3519 0.63037
2002-06-21 175 0.0341 0.11689 0.0316 20.687 0.0431 0.34542 0.62538 3.268 0.52357
2002-06-22 181 0.089 0.18348 0.40346 25.836 0.0183 0.31726 0.96905 4.2654 0.76178
2002-06-23 136 0.0218 0.0759 0.0178 22.283 0.00522 0.42811 0.7684 4.0233 0.30437
2002-06-24 168 0.0244 0.0727 0.0353 11.971 0.00839 0.24052 0.72575 2.0476 0.26219
2002-06-25 153 0.0367 0.13145 0.17047 6.1929 0.0344 0.2932 1.1795 2.5842 0.0957
2002-06-26 183 0.12123 0.0639 0.25387 7.8169 0.20592 0.24404 0.71236 1.1649 0.62373
2002-06-27 199 0.1018 0.15276 0.31095 6.1418 0.78233 0.2515 1.095 2.539 0.58324
2002-06-28 258 0.0351 0.0957 0.0201 5.2996 0.0986 0.21075 2.8695 1.9155 0.92194
2002-06-29 82 0.019 0.12191 0.10575 9.1875 0.0186 0.48787 0.61729 1.7742 1.0435
2002-06-30 176 0.000741 0.00366 0.0136 1.045 0.0859 7.7132 3.7153 0.0126 0.54599
2002-07-02 154 0.00632 0.00113 0.0904 0.0221 0.000381 13.377 7.4759 0.21578 0.548
2002-07-03 267 0.0166 0.46873 0.0854 10.778 0.23539 5.7265 5.0238 2.6474 0.0015
2002-07-04 343 0.00131 36.375 1.2884 14.728 0.0637 0.00146 4.0238 0.52151 3.356
2002-07-05 52 0.13259 32.843 1.4549 24.671 0.00452 2.5354 7.3665 0.00564 3.9835
2002-07-06 67 0.0491 0.51066 0.0269 13.322 0.0106 1.1207 1.6835 1.4294 0.2644
2002-07-07 68 0.0393 0.7549 0.0512 8.446 0.0169 0.36737 0.84218 4.235 0.55355
2002-07-08 179 0.0638 0.59719 0.0282 19.093 0.0512 0.79316 1.408 3.4038 0.71838
2002-07-09 256 0.13305 0.1541 0.0098 19.714 0.0732 1.111 1.082 3.618 0.0314
2002-07-11 49 0.0561 0.0679 0.0117 13.27 0.0251 0.19429 0.92022 1.1458 3.4435
2002-07-12 56 0.0651 0.0828 0.00245 16.946 0.0221 0.15725 1.5059 1.1918 1.6912
2002-07-13 24 0.0836 0.0354 0.0393 15.105 0.0857 0.26411 0.94706 1.6054 0.80042
2002-07-14 23 0.0691 0.13715 0.00274 20.026 0.0593 0.23261 1.4249 1.8847 0.58377
2002-07-15 39 0.0752 0.0606 0.0266 24.277 0.0742 0.57154 1.8936 2.7312 0.055
2002-07-16 160 0.0613 0.0542 0.0184 33.098 0.0305 0.24804 2.6769 2.0849 0.43349
2002-07-17 231 0.16234 0.0462 0.0367 20.121 0.0309 0.35366 0.81343 2.1762 1.3753
2002-07-18 210 0.0954 0.0275 0.10477 2.8716 0.0528 0.18797 1.428 1.379 0.36606
2002-07-19 202 0.19663 0.0603 0.0622 5.722 0.0761 0.31306 3.1052 1.5891 0.56863
2002-07-20 180 0.1763 0.0735 0.0193 6.7899 0.0164 0.53664 1.9001 1.1689 0.3769
2002-07-21 196 0.0745 0.0664 0.0363 6.3569 0.0944 1.1552 2.2544 1.2884 0.35296
2002-07-22 214 0.14407 0.00661 0.56239 5.0977 0.0988 1.0987 4.2355 2.2508 0.33636
2002-07-23 355 0.0225 0.0506 0.00683 7.0377 0.11362 0.28823 1.3799 1.7433 0.58496
2002-07-24 21 0.11725 0.0585 0.0135 7.2619 0.12054 0.2175 2.6279 1.9157 0.7023
2002-07-25 183 0.0681 0.0204 0.26297 17.142 0.0307 0.22354 1.1788 2.2892 1.1757
2002-07-26 178 0.0344 0.0103 0.44177 13.355 0.0247 0.2749 1.3787 1.2706 0.32677
2002-07-27 195 0.026 0.0639 0.3488 13.31 0.0122 0.59347 0.70238 1.3552 0.19904
2002-07-28 198 0.025 0.0699 0.12378 9.8154 0.0205 0.80889 0.49404 0.85184 0.14112
2002-07-29 213 0.0397 0.0827 0.1341 2.7553 0.17595 0.79013 2.0731 1.8403 0.26544
2002-07-30 122 0.12281 0.056 0.27674 2.1983 0.3677 0.278 4.6814 1.6121 0.6413
2002-08-01 168 0.016 0.00994 0.0349 6.9845 0.0331 2.9305 1.703 2.4641 0.70055
2002-08-03 138 0.0211 0.0407 0.0114 15.622 0.00904 1.8385 2.0897 1.8667 0.63841
2002-08-04 193 0.0376 0.048 0.0315 24.331 0.00592 0.82808 0.95513 1.8805 0.82144
2002-08-05 316 0.10071 0.00133 0.35423 23.907 0.0474 0.54646 1.2844 3.2616 0.64378
2002-08-06 32 0.0274 0.039 0.0399 11.151 0.0376 0.37364 0.82099 1.1135 1.1187
2002-08-07 40 0.0287 0.0274 0.0149 5.4887 0.0232 0.19639 0.44846 1.0539 0.41442
2002-08-08 39 0.043 0.0334 0.00519 8.2326 0.0275 0.20697 1.3281 1.34 0.54356
2002-08-09 83 0.0119 0.0231 0.0164 17.99 0.0141 0.22233 2.452 1.9431 0.3264
2002-08-10 171 0.0736 0.0562 0.42036 25.134 0.00423 0.4249 1.1781 2.6912 1.2499
2002-08-11 188 0.0681 0.0659 0.0314 12.834 0.0268 0.251 0.52855 1.3823 0.57135
2002-08-12 175 0.0312 0.0729 0.0564 9.3816 0.00869 0.24075 0.36415 2.0655 0.58768
2002-08-13 189 0.0691 0.0282 0.1661 2.5854 0.0786 0.11153 0.57723 0.94198 0.40406
2002-08-14 295 0.0989 0.0345 0.0801 4.1859 0.0305 0.0914 0.76345 0.70714 1.2113
2002-08-15 184 0.0271 0.0378 0.24293 6.9869 0.0202 0.28354 0.56245 1.0291 1.368
2002-08-16 178 0.0402 0.0379 0.46648 4.371 0.00962 0.28977 0.37795 1.4601 0.22557
2002-08-19 144 0.0308 0.0621 0.56065 6.6289 0.00995 0.13851 0.37005 1.2596 0.24794
2002-08-20 96 0.0577 0.16584 0.0547 9.3541 0.0985 0.17152 1.4948 1.3382 1.0987
2002-08-21 179 0.0363 0.0706 0.0335 8.5635 0.00669 0.22658 0.67752 1.3576 1.1352
2002-08-22 189 0.0871 0.0892 0.30877 7.7634 0.031 0.31954 0.5994 2.3811 0.38089
2002-08-23 214 0.0921 0.0689 0.26422 8.5114 0.0728 0.29904 1.5673 2.1896 0.73773
2002-08-24 340 0.0231 0.0491 0.0579 3.72 0.0686 0.15461 0.86434 1.2135 1.0304
2002-08-25 350 0.044 0.0698 0.00627 8.1215 0.053 0.30777 1.0167 2.3638 0.12899
2002-08-26 13 0.0217 0.13039 0.0242 8.3425 0.10855 0.25646 1.6112 2.6786 0.13155
2002-08-27 34 0.0397 0.11202 0.0295 12.192 0.14424 0.24286 2.683 2.2769 1.3993
2002-08-28 28 0.0593 0.0709 0.015 19.273 0.18395 0.24037 2.9976 2.1854 1.0708
2002-08-29 24 0.0351 0.10329 0.0287 14.548 0.0981 0.21875 1.609 2.3537 1.3183
2002-08-30 36 0.0448 0.0000766 0.062 23.83 0.0151 0.22042 1.2154 2.069 1.108
2002-08-31 47 0.0382 0.0459 0.0221 30.46 0.0125 0.24649 1.1497 1.79 0.63552
2002-09-01 180 0.0304 0.0824 0.0196 27.664 0.19273 0.28036 0.94382 4.5919 0.88956
2002-09-02 193 0.0585 0.0518 0.18028 13.615 0.16609 0.36027 0.22945 1.4956 0.33261
2002-09-03 321 0.0678 0.0436 0.32671 8.2473 0.10842 0.48759 0.41818 2.6337 0.44692
2002-09-04 44 0.0497 0.0381 0.0214 3.9523 0.0173 0.42819 0.86264 3.1269 0.17572
2002-09-05 48 0.0262 0.0277 0.0565 5.9604 0.0407 0.32249 2.24 4.0927 0.6728
2002-09-06 76 0.19674 0.0746 0.0803 11.83 0.0544 0.56587 2.3749 8.0409 0.60962
2002-09-07 165 0.0822 0.0364 0.0493 17.128 0.0287 0.83889 1.2761 4.7081 0.82968
2002-09-08 173 0.000618 0.0702 0.000536 20.798 2.0712 0.23496 0.24151 5.4397 1.0238
2002-09-09 4 0.2303 0.0394 0.28138 22.769 0.31743 0.41989 6.1312 6.0818 0.49657
2002-09-10 333 0.0339 0.0476 0.168 21.695 0.11439 0.6208 2.5934 5.8865 1.0697
2002-09-11 22 0.0763 0.0393 0.0585 3.421 0.0456 0.21961 1.3573 3.0196 0.33936
2002-09-12 34 0.1035 0.0699 0.0133 4.6718 0.0649 0.26815 2.2467 3.6467 0.5502
2002-09-13 66 0.0209 0.0968 0.041 10.645 0.0783 0.59117 3.2605 8.8229 0.64542
2002-09-14 232 0.064 0.26395 0.23979 11.993 0.0866 0.45396 1.5845 4.2054 1.9396
2002-09-15 345 0.0553 0.082 0.013 15.499 0.11149 0.0838 1.2758 1.2417 4.8249
2002-09-16 24 0.0636 0.0657 0.0271 14.309 0.10004 0.19121 3.0237 2.116 4.1339
2002-09-17 115 0.13033 0.0391 0.18596 11.884 0.0777 0.17629 1.8152 1.2423 7.8061
2002-09-18 169 0.0215 0.0388 0.0144 9.049 0.0000412 0.45079 0.30651 1.1034 1.7423
2002-09-19 171 0.00713 0.0761 0.18858 2.8409 0.0432 1.4892 0.87311 1.2396 0.26213
2002-09-20 196 0.0559 0.0184 0.18321 2.424 0.2023 0.0604 0.3505 1.0734 0.4433
2002-09-21 201 0.1917 0.0891 0.23081 2.9075 0.22914 0.186 1.2717 3.4988 0.8291
2002-09-22 345 0.19979 0.0646 0.22931 0.77153 0.0647 0.32302 1.008 3.3128 0.20401
2002-09-23 191 0.15469 0.0794 0.20354 2.0684 0.091 0.31166 2.4219 5.5529 0.62494
2002-09-24 25 0.0381 0.0706 0.0449 1.1731 0.1327 0.47854 2.2491 5.1544 0.35334
2002-09-25 73 0.11392 0.0594 0.0468 4.4609 0.0827 0.76844 2.5358 8.2434 0.85868
2002-09-26 22 0.0653 0.0331 0.0425 14.323 0.13488 0.47009 4.9674 5.0516 3.4042
2002-09-27 345 0.0383 0.0422 0.0236 20.719 0.0974 0.40493 1.3553 3.2898 3.74
2002-09-28 152 0.0735 0.0593 0.0371 24.427 0.0467 0.69244 1.8115 3.8406 4.5008
2002-09-29 177 0.0543 0.0849 0.00666 14.068 0.0602 0.25423 0.4843 5.1634 1.1005
2002-09-30 185 0.19326 0.0871 0.19637 13.043 0.48094 0.29289 0.17697 6.4824 1.2752
2002-10-01 184 0.15495 0.0801 0.1176 15.1 0.31445 0.41093 0.40075 3.8167 0.42399
2002-10-02 194 0.091 0.0811 0.24397 6.3583 0.25569 0.63468 1.9916 4.2107 1.2027
2002-10-03 152 0.0334 0.0851 0.34373 6.0366 0.11938 0.15057 0.92176 1.7524 1.4215
2002-10-04 280 0.0113 0.0609 0.1123 4.4615 0.00702 0.16978 0.43832 0.84643 0.61264
2002-10-05 2 0.0374 0.13223 0.0196 1.5725 0.12332 0.37255 1.8818 3.4904 0.79093
2002-10-06 256 0.0162 0.0946 0.1812 3.3439 0.0166 0.28904 0.29614 1.8451 1.0694
2002-10-07 350 0.0623 0.064 0.0301 1.5976 0.16526 0.22352 1.9891 3.7937 0.75402
2002-10-08 167 0.13298 0.0956 0.12027 3.0292 0.0604 0.34042 1.2336 4.6137 1.4817
2002-10-09 158 0.20421 0.0999 0.27579 4.1812 0.0484 0.32986 1.9013 5.3791 1.9863
2002-10-10 51 0.0535 0.0674 0.0328 6.4026 0.0508 0.20687 2.7793 2.9031 3.7488
2002-10-11 120 0.042 0.0322 0.0539 9.9793 0.0373 0.18512 1.1454 1.9837 5.1454
2002-10-12 308 0.0505 0.0508 0.10589 5.6537 0.023 0.12892 0.16826 1.7242 2.2055
2002-10-13 347 0.0258 0.0802 0.0162 1.1794 0.0764 0.19693 0.77743 2.0567 0.25203
2002-10-14 134 0.0528 0.11261 0.0172 0.96535 0.0675 0.21267 1.6286 5.4043 2.3534
2002-10-15 338 0.22369 0.16137 0.97594 2.6453 0.0613 0.29833 1.7482 3.5521 1.3286
2002-10-16 344 0.0151 0.0285 0.00241 2.3201 0.0312 0.2688 0.13478 5.7099 1.7697
2002-10-17 282 0.0155 0.0288 0.0265 2.5499 0.049 0.30251 0.72889 2.9829 1.7029
2002-10-18 186 0.026 0.16236 0.69364 4.7867 0.0162 0.30878 0.60662 3.2429 2.5154
2002-10-19 340 0.13139 0.067 0.0698 3.0544 0.0562 0.33075 0.48407 1.2904 2.0848
2002-10-20 9 0.15336 0.12478 0.0906 2.9743 0.13627 0.11289 1.2249 3.0629 6.4035
2002-10-21 137 0.0681 0.0778 0.13059 3.9793 0.0924 0.2488 2.7623 5.789 5.1216
2002-10-22 8 0.0808 0.0863 0.10002 9.3542 0.28583 0.30008 4.5271 3.5867 9.3013
2002-10-23 13 0.0555 0.0632 0.0593 4.1955 0.14894 0.16037 1.8482 1.825 6.8136
2002-10-24 61 0.0486 0.0639 0.0139 6.0764 0.0648 0.1267 1.5663 1.7556 9.1411
2002-10-25 335 0.0423 0.0334 0.027 7.6026 0.0478 0.1246 1.7642 0.67626 6.3722
2002-10-26 342 0.0356 0.12503 0.0182 5.0911 0.0196 0.0186 0.24158 0.62485 3.3935
2002-10-27 61 0.0269 0.0642 0.00538 7.4907 0.0464 0.0487 0.40261 0.29464 5.2763
2002-10-28 49 0.035 0.0326 0.0155 8.7069 0.0379 0.00696 1.0047 0.72731 6.4357
2002-10-29 28 0.0226 0.0239 0.0825 5.1136 0.0248 0.0721 1.8056 0.64912 3.0871
2002-10-30 360 0.0602 0.0462 0.1756 5.0143 0.25861 0.0924 0.91616 1.1589 7.2741
2002-10-31 323 0.0186 0.0228 0.0503 5.0822 0.14428 0.051 0.44812 1.6546 4.9358
2002-11-01 309 0.0152 0.0464 0.0236 2.2607 0.0595 0.10028 0.58241 2.0094 4.2825
2002-11-02 244 0.0184 0.066 0.00681 2.578 0.0273 0.0907 0.40166 1.1565 4.2033
2002-11-05 320 0.0249 0.0212 0.0513 4.092 0.0778 0.00333 0.95479 1.0614 1.1656
2002-11-06 293 0.041 0.0401 0.0484 6.2307 0.0878 0.15048 0.52126 1.7388 5.3093
2002-11-07 188 0.2915 0.0468 0.83092 3.1552 0.1461 0.19271 0.35702 2.5795 1.7502
2002-11-08 180 0.0578 0.0768 0.0468 2.6602 0.0183 0.23099 0.10808 2.3867 0.4694
2002-11-09 176 0.0141 0.0723 0.00971 7.872 0.00109 0.16837 0.24497 0.67136 0.28607
2002-11-10 279 0.0176 0.0527 0.0441 3.6058 0.0437 0.29257 0.37378 0.82411 1.081
2002-11-11 311 0.0137 0.062 0.0159 3.5227 0.0392 0.14143 0.51141 1.2344 2.9354
2002-11-12 303 0.12247 0.0494 0.14804 3.4616 0.28331 0.2147 0.58375 5.4755 4.2826
2002-11-13 215 0.25501 0.11301 0.1376 1.4807 0.6871 0.15173 0.23668 3.0883 1.3978
2002-11-14 198 0.13081 0.0987 0.0459 2.1617 0.072 0.15892 0.32572 2.4315 2.0284
2002-11-15 350 0.0165 0.0444 0.00837 9.2077 0.0569 0.0634 0.5162 0.774 7.1034
2002-11-16 355 0.0335 0.0461 0.0757 2.9825 0.0567 0.10332 1.0656 1.8991 4.3098
2002-11-17 89 0.0808 0.11508 0.0249 4.391 0.10359 0.19725 1.3245 2.4915 10.439
2002-11-18 180 0.0211 0.0686 0.10606 3.8601 0.0602 0.21368 0.24049 1.4273 6.1901
2002-11-19 222 0.16279 0.0609 0.20782 1.4148 0.16116 0.24449 0.65854 5.5084 6.7249
2002-11-20 201 0.10538 0.0913 0.35163 0.20664 0.1026 0.46259 1.7126 7.6256 1.9598
2002-11-21 310 0.0628 0.0667 0.13634 2.7066 0.18274 0.31023 0.67873 3.8929 3.5966
2002-11-22 318 0.0426 0.011 0.0531 2.6528 0.19162 0.39938 0.68141 4.5841 3.7883
2002-11-23 221 0.0491 0.12645 0.0434 3.7682 0.0896 0.39612 1.055 4.831 2.852
2002-11-24 9 0.0932 0.29189 0.0441 2.0222 0.15397 0.25799 1.4324 3.5713 7.1465
2002-11-25 3 0.0374 0.11905 0.0027 3.2839 0.15859 0.11723 1.1944 2.2683 2.1764
2002-11-26 3 0.0431 0.0324 0.0211 2.8977 0.0755 0.0936 1.2713 1.2988 8.0022
2002-11-27 327 0.063 0.0352 0.1257 2.5694 0.36372 0.0653 0.80931 7.5629 15.159
2002-11-28 206 0.38307 0.15663 0.0939 4.5385 0.1248 0.19569 0.69863 3.4916 9.0511
2002-11-29 242 0.056 0.0868 0.14055 1.3814 0.0671 0.22705 0.24091 1.8003 1.186
2002-11-30 306 0.00132 0.10949 0.0167 1.4683 0.0791 0.32207 0.00705 4.3215 0.56604
2002-12-01 205 0.0693 0.0352 0.12044 1.1676 0.0618 0.24994 0.10608 2.9438 1.15
2002-12-02 312 0.0673 0.0874 0.20368 1.427 0.0905 0.31053 1.0412 3.3569 3.5423
2002-12-03 41 0.0657 0.043 0.10951 1.3991 0.0513 0.2212 1.9783 1.107 5.0063
2002-12-04 30 0.1053 0.0762 0.20897 2.7096 0.0902 0.15205 1.2707 0.69102 9.0073
2002-12-05 332 0.0465 0.055 0.029 2.9959 0.131 0.0675 0.61283 1.8879 9.3707
2002-12-06 198 0.16196 0.10119 0.35839 4.9432 0.18254 0.14297 0.34758 1.7334 15.066
2002-12-07 219 0.13884 0.0831 0.00321 4.6607 0.32619 0.0605 0.36402 0.56143 10.893
2002-12-08 25 0.077 0.0964 0.00101 1.8867 0.0559 0.20323 0.42609 1.5619 6.9653
2002-12-09 85 0.12188 0.13182 0.024 0.83565 0.1103 0.4265 1.1912 3.7339 5.9381
2002-12-10 69 0.26941 0.2623 0.1542 3.0363 0.16897 0.45013 2.5001 7.6191 11.147
2002-12-11 184 0.23226 0.20212 0.11026 5.3639 0.269 0.58764 2.4684 10.434 12.918
2002-12-12 159 0.0801 0.0893 0.00584 4.7228 0.0848 0.22818 1.6126 2.9546 9.3333
2002-12-13 3 0.0372 0.0646 0.0154 8.5099 0.096 0.21889 1.2717 0.4747 10.751
2002-12-14 248 0.0875 0.13556 0.00296 4.1526 0.0527 0.14923 0.58816 1.9807 6.694
2002-12-15 236 0.13836 0.1439 0.00788 2.4843 0.19488 0.3557 1.0192 2.5112 4.0586
2002-12-16 90 0.0581 0.12027 0.0491 3.8258 0.059 0.15013 0.72037 0.92939 11.082
2002-12-17 136 0.0355 0.0862 0.0107 8.448 0.0961 0.17733 0.6857 0.35653 6.4582
2002-12-18 172 0.0183 0.0716 0.00554 4.1158 0.0151 0.31097 0.20819 1.0916 0.24091
2002-12-19 297 0.0411 0.0379 0.0117 3.2837 0.0924 0.19802 0.73454 1.0331 5.5067
2002-12-20 251 0.018 0.0184 0.00872 0.69318 0.0162 0.248 0.28754 2.0156 0.38295
2002-12-21 186 0.0415 0.0483 0.00137 0.83159 0.0478 0.12938 0.33257 2.1132 0.96396
2002-12-22 282 0.0361 0.035 0.00619 1.7983 0.0332 0.1307 0.32423 1.4139 3.1104
2002-12-23 323 0.17737 0.13739 0.0094 0.23983 0.11101 0.21491 1.2878 4.6557 3.1829
2002-12-26 189 0.0673 0.0804 0.00211 4.3767 0.17838 0.10412 0.0544 1.4421 10.469
2002-12-27 181 0.1902 0.094 0.000366 4.594 0.13115 0.0799 0.20278 1.6028 9.1507
2002-12-28 221 0.12341 0.0754 0.00915 3.2946 0.18607 0.0234 0.62661 0.77979 6.6342
2002-12-29 164 0.0739 0.14188 0.00499 3.5328 0.0444 0.10803 0.38481 1.6474 2.7601
2002-12-30 179 0.0202 0.074 0.00518 5.013 0.00489 0.15599 0.12678 0.71238 2.5147
2002-12-31 8 0.0385 0.0622 0.0111 1.2137 0.31697 0.0575 2.5219 1.478 2.8333
2003-01-01 24 0.0259 0.0322 0.00705 0.97628 0.0504 0.2131 1.178 0.43178 2.7114
2003-01-02 344 0.0336 0.044 0.0042 3.995 0.14317 0.0839 0.76125 0.25737 3.6971
2003-01-03 310 0.0315 0.10618 0.0249 5.3284 0.0524 0.10606 0.88336 1.7314 7.1771
2003-01-04 159 0.0481 0.11893 0.0153 3.2717 0.0515 0.0671 0.59778 1.2874 10.471
2003-01-05 302 0.0164 0.0403 0.00297 4.1226 0.0205 0.15837 0.26563 0.411 6.2432
2003-01-06 323 0.0269 0.066 0.011 4.2474 0.023 0.0999 0.4682 1.1462 7.2742
2003-01-08 248 0.0312 0.0373 0.0028 1.6466 0.0396 0.1838 0.59001 2.5943 2.0306
2003-01-09 318 0.0092 0.0295 0.00113 0.02 0.0271 0.23331 0.51829 5.2472 0.51634
2003-01-10 311 0.00475 0.0162 0.00234 2.4881 0.0176 0.20647 0.32277 2.3961 1.1759
2003-01-11 311 0.0311 0.049 0.00688 0.25452 0.026 0.26517 0.49554 3.2701 1.3
2003-01-12 190 0.1545 0.29479 0.6789 0.67989 0.072 0.25045 0.89916 3.7059 3.2607
2003-01-13 332 0.0322 0.11031 0.37878 0.9075 0.27045 0.25779 0.7812 4.2077 6.6644
2003-01-14 335 0.0126 0.0254 0.00795 0.50089 0.0637 0.17609 0.77692 3.0233 4.5987
2003-01-15 276 0.0922 0.036 0.22391 0.0117 0.0573 0.20153 0.56659 6.3526 4.8012
2003-01-16 345 0.0474 0.0377 0.022 1.626 0.0445 0.21017 0.86731 1.5805 5.458
2003-01-17 314 0.0265 0.0457 0.00514 0.57782 0.0308 0.26806 0.51696 2.7575 3.0661
2003-01-18 273 0.0645 0.11841 0.0635 1.356 0.10797 0.25324 0.79885 1.4053 6.3151
2003-01-19 222 0.0203 0.12626 0.57612 1.8424 0.15841 0.23954 0.25343 1.9402 4.1347
2003-01-20 27 0.10175 0.0585 0.00394 1.3352 0.0417 0.10601 1.199 1.2425 2.9368
2003-01-21 28 0.0162 0.0466 0.016 2.0293 0.0379 0.24462 0.81735 2.3867 4.532
2003-01-24 178 0.49904 0.12548 0.44601 1.7403 0.18578 0.0222 0.21083 2.8355 3.9753
2003-01-25 196 0.12451 0.17633 0.0882 1.6605 0.0649 0.19714 0.74993 2.9871 6.4615
2003-01-26 338 0.0199 0.086 0.00205 2.7929 0.0219 0.18424 0.2656 1.4166 6.6852
2003-01-27 160 0.0144 0.0642 0.0173 1.8597 0.0349 0.21895 0.24534 2.5472 4.5397
2003-01-30 163 0.0247 0.0568 0.000588 7.4012 0.0593 0.16588 0.20565 1.7221 5.7131
2003-01-31 236 0.0305 0.0198 0.28795 5.5499 0.0449 0.0169 0.30235 1.0571 5.5782
2003-02-03 250 0.0363 0.0723 0.00529 10.27 0.00992 0.17032 0.3041 0.76731 3.2722
2003-02-04 296 0.0231 0.0273 0.00479 1.4036 0.0181 0.15158 0.39123 1.2045 1.1909
2003-02-06 2 0.0182 0.071 0.0218 2.0235 0.0939 0.0826 1.5408 2.411 9.0298
2003-02-07 301 0.00517 0.0313 0.0631 1.6957 0.14473 0.35043 0.32916 1.6089 4.366
2003-02-08 217 0.0664 0.0892 0.0953 2.3803 0.0753 0.0897 0.5246 1.327 6.7514
2003-02-09 85 0.0139 0.0663 0.0417 2.0064 0.0722 0.0781 0.36533 1.6127 6.7828
2003-02-10 303 0.0315 0.044 0.0177 4.3422 0.069 0.1139 0.81817 1.5902 4.6192
2003-02-11 276 0.022 0.0208 0.0171 2.0176 0.0966 0.22241 1.1552 1.8657 3.4808
2003-02-12 314 0.26204 0.11215 0.05 0.13273 0.0861 0.44959 1.202 4.1568 1.7133
2003-02-14 84 0.0175 0.0508 0.00585 3.0198 0.0284 0.07 0.55052 0.22292 6.4414
2003-02-15 42 0.00566 0.0159 0.0357 3.5661 0.0103 0.0967 0.32657 0.074 3.7794
2003-02-16 20 0.0237 0.0723 0.0323 2.6941 0.10985 0.38325 1.3908 0.60161 5.0618
2003-02-17 335 0.0497 0.0598 0.0607 6.7049 0.10259 0.12226 0.7414 0.5828 6.4853
2003-02-18 189 0.0958 0.0447 1.0645 8.5315 0.0336 0.00296 0.11116 0.78107 5.8852
2003-02-19 32 0.0168 0.0381 0.0459 3.4189 0.0741 0.1251 2.3845 1.2511 11.263
2003-02-20 146 0.0513 0.0649 0.062 5.1017 0.0453 0.13827 1.038 2.2243 5.6432
2003-02-21 45 0.0696 0.0591 0.0874 10.089 0.0553 0.20847 1.8935 1.3467 11.262
2003-02-22 345 0.0386 0.0172 0.0676 11.919 0.20345 0.0792 0.57045 1.19 8.641
2003-02-23 2 0.0187 0.0268 0.0273 7.5681 0.15991 0.11352 0.37459 1.402 5.7895
2003-02-24 321 0.0284 0.0384 0.04 3.3635 0.18503 0.11627 0.21155 1.8428 4.2044
2003-02-25 47 0.0312 0.0695 0.00946 2.773 0.0358 0.17913 0.80431 2.241 4.5726
2003-02-26 67 0.0401 0.0592 0.0467 5.9194 0.0422 0.13753 0.60922 1.4923 7.5007
2003-02-27 20 0.0424 0.0308 0.0355 8.3074 0.0881 0.22152 2.0326 0.60743 13.995
2003-03-01 215 0.053 0.037 0.0334 9.04 0.0301 0.0786 0.37527 0.53379 12.079
2003-03-03 168 0.0243 0.029 0.0106 4.1836 0.0464 0.26127 0.68294 3.3583 4.1515
2003-03-04 170 0.0554 0.0321 0.20078 8.5868 0.0268 0.12048 0.23616 2.1783 6.5126
2003-03-05 356 0.0276 0.0542 0.0101 6.0951 0.0437 0.15884 0.53122 0.83543 7.6063
2003-03-06 55 0.0202 0.036 0.015 4.4265 0.0518 0.1417 1.0403 1.1984 6.1494
2003-03-07 175 0.0428 0.0362 0.46557 9.1536 0.0609 0.23026 0.42262 3.0396 8.4908
2003-03-08 272 0.0486 0.0564 0.0371 8.1593 0.13407 0.25717 0.38167 2.2079 7.5695
2003-03-09 350 0.14521 0.0724 0.000835 3.3195 0.0595 0.39602 0.19995 1.5957 3.557
2003-03-10 30 0.0329 0.0723 0.0314 2.461 0.0345 0.24416 0.48438 2.4764 3.7994
2003-03-11 178 0.0544 0.0949 0.22871 4.1088 0.0322 0.26052 0.30965 3.173 7.5282
2003-03-12 178 0.0468 0.13788 0.6919 10.439 0.0594 0.32263 0.43605 2.5645 8.1914
2003-03-13 359 0.48014 0.0841 0.0439 8.8387 0.22749 0.28933 1.3834 1.4144 4.0872
2003-03-14 134 0.0221 0.00355 0.0198 17.583 0.0253 0.0527 0.30697 1.0912 8.2209
2003-03-15 165 0.0595 0.0177 0.0146 15.217 0.0291 0.20977 0.24842 1.8667 8.482
2003-03-16 170 0.0395 0.0721 0.0435 10.914 0.048 0.27 0.57805 2.4533 7.5695
2003-03-17 133 0.041 0.0615 0.0933 10.532 0.0526 0.30871 2.8584 4.635 6.6811
2003-03-18 61 0.0422 0.0568 0.0314 9.4051 0.0821 0.20269 2.9499 2.5497 11.115
2003-03-19 137 0.0184 0.015 0.1624 5.0511 0.0326 0.83055 0.45515 1.4278 4.3645
2003-03-20 80 0.0134 0.0376 0.0215 0.6379 0.0417 0.87638 1.3787 0.98934 2.7506
2003-03-21 303 0.18854 0.00576 0.0404 3.9331 0.031 0.22886 0.51509 1.9791 4.151
2003-03-22 267 0.0958 0.0185 0.0329 1.4199 0.13517 0.53507 0.60195 7.398 1.9534
2003-03-23 235 0.0625 0.0857 0.0355 3.932 0.13698 0.56491 0.46961 6.1711 2.2159
2003-03-24 183 0.0875 0.0655 2.2978 4.2473 0.13791 0.30644 0.16095 2.8668 1.5337
2003-03-25 356 0.0251 0.0438 0.23983 1.0058 0.0808 0.36384 1.9363 2.8118 2.2163
2003-03-26 193 0.039 0.0585 0.31924 1.468 0.0894 0.22556 0.89155 3.3792 2.9703
2003-03-27 162 0.0132 0.0288 0.00529 2.7171 0.0119 0.40729 0.28414 2.2822 2.3769
2003-03-28 268 0.00963 0.0308 0.00759 2.9133 0.00856 0.11596 0.25288 0.77516 1.6022
2003-03-29 307 0.00761 0.0203 0.00888 3.2449 0.0115 0.0769 0.22005 1.0062 2.6811
2003-03-30 321 0.0337 0.0142 0.0274 2.9431 0.0375 0.2192 0.29198 2.778 3.5002
2003-03-31 197 0.0926 0.0665 0.065 3.2329 0.28579 0.24579 0.17816 2.3791 1.8279
2003-04-02 180 0.0326 0.0623 0.0475 3.9878 0.0189 0.86618 0.20932 2.9567 0.455
2003-04-03 187 0.076 0.049 0.0609 5.1801 0.0313 0.44127 0.1169 2.6194 0.47707
2003-04-04 220 0.0356 0.0531 0.13998 6.7256 0.0315 0.47967 0.24056 2.0914 1.0825
2003-04-05 343 0.0255 0.0000901 0.00816 3.0615 0.0146 0.0691 0.55716 0.59102 4.1604
2003-04-06 84 0.054 0.0147 0.00453 6.3269 0.0157 0.13998 0.24497 0.18933 7.1986
2003-04-07 336 0.0408 0.0139 0.0662 5.9199 0.0279 0.11846 0.6301 1.0057 5.8694
2003-04-08 350 0.0339 0.0136 0.0277 7.7774 0.0319 0.0809 0.99035 0.79933 2.7621
2003-04-09 359 0.0511 0.0941 0.043 5.2241 0.0902 0.22856 2.4284 1.2426 3.6781
2003-04-10 3 0.0674 0.0792 0.0578 1.2411 0.12841 0.49926 2.7828 6.145 4.4046
2003-04-11 317 0.13756 0.15069 0.11764 1.4381 0.13674 1.0779 3.0966 16.12 4.4214
2003-04-12 24 0.23331 0.21336 0.0715 4.0528 0.43119 0.57952 1.3074 5.6299 7.3825
2003-04-13 125 0.027 0.10989 0.00912 3.9377 0.0319 0.37475 0.44059 1.9023 2.4626
2003-04-14 183 0.0319 0.0913 0.5601 6.6215 0.048 0.93448 0.56486 4.2082 1.8517
2003-04-16 168 0.0168 0.0695 0.072 7.2901 0.0106 1.8691 0.60192 1.3934 0.30533
2003-04-17 312 0.0155 0.0104 0.0212 8.1978 0.0258 0.43449 0.6148 0.81483 7.699
2003-04-19 162 0.17667 0.0825 0.00424 8.877 0.0745 0.92549 0.51333 0.63671 2.8601
2003-04-23 125 0.0461 0.0452 0.0504 2.0808 0.0429 0.66214 1.2536 4.4991 2.7209
2003-04-25 27 0.24988 0.0738 0.0649 5.5281 0.0772 0.44342 1.5403 0.0341 4.1176
2003-04-26 9 0.0875 0.0943 0.045 2.3582 0.16166 1.0144 2.4631 5.166 3.2822
2003-04-27 163 0.1363 0.0996 0.0538 9.6224 0.0429 0.92074 0.86776 3.3051 3.2379
2003-04-28 154 0.0378 0.051 0.0446 10.856 0.0847 0.63772 1.7394 5.2906 4.7896
2003-04-29 68 0.10055 0.0565 0.0314 11.477 0.0468 0.46562 2.1294 2.3796 8.8041
2003-04-30 179 0.0193 0.0987 0.0235 9.6873 0.0066 0.85312 0.46877 2.9563 0.35322
2003-05-01 220 0.0662 0.0785 0.36818 5.7909 0.055 0.57012 1.5035 2.8153 1.5571
2003-05-02 350 0.0477 0.021 0.0183 10.812 0.0438 0.19964 1.0376 3.8722 4.2326
2003-05-03 41 0.0825 0.11108 0.0387 3.0838 0.0505 0.64667 2.5604 3.1532 2.8431
2003-05-04 146 0.0198 0.0612 0.0182 8.726 0.0247 0.50345 0.4363 0.62956 2.8101
2003-05-05 243 0.0377 0.0639 0.23024 1.0344 0.11794 0.85231 0.83705 4.0347 0.38256
2003-05-06 59 0.0292 0.0995 0.0291 3.3333 0.0628 0.53319 1.6957 2.0733 1.6794
2003-05-07 280 0.0203 0.0318 0.0378 5.3496 0.0665 0.4725 0.68663 1.642 1.2903
2003-05-08 96 0.019 0.0223 0.0161 9.77 0.0356 0.29067 0.94156 1.0305 5.1188
2003-05-09 189 0.00268 0.48924 1.4614 10.231 0.0115 1.6925 0.81988 1.1459 1.1963
2003-05-10 186 0.0633 0.28764 0.00445 6.2782 0.0974 1.6473 0.86334 1.137 0.42946
2003-05-12 295 0.00748 0.036 0.00559 1.883 0.0156 0.46899 0.56842 2.428 0.24317
2003-05-13 161 0.12861 0.0762 0.0272 2.1863 0.10826 0.43941 1.0485 4.6345 0.65024
2003-05-14 216 0.20248 0.0824 0.0965 4.1018 0.20466 0.43716 0.54504 3.5037 0.90391
2003-05-15 9 0.042 0.0495 0.0458 4.0844 0.20038 0.33423 1.128 1.9293 1.351
2003-05-16 61 0.038 0.0453 0.00671 18.533 0.0354 0.28752 0.67804 0.65872 2.8108
2003-05-17 16 0.0613 0.0274 0.0254 18.093 0.14787 0.38943 1.8823 0.47606 4.5101
2003-05-18 53 0.019 0.0548 0.00435 15.093 0.0116 0.26238 0.50338 0.31265 2.88
2003-05-19 178 0.0585 0.0593 0.0528 13.356 0.0374 0.27098 0.77929 1.7115 2.8858
2003-05-20 341 0.0243 0.0335 0.0129 4.4776 0.10633 0.25119 0.39115 2.1884 0.8227
2003-05-22 12 0.0555 0.0763 0.02 1.3086 0.14218 0.68129 3.8341 8.1553 1.8853
2003-05-23 24 0.0939 0.13513 0.0391 4.9897 0.14345 0.6871 2.2866 7.2483 2.5323
2003-05-24 61 0.11906 0.27614 0.0189 7.0294 0.0556 0.3769 1.6203 3.5408 7.0702
2003-05-27 335 0.0538 0.0941 0.0504 3.4728 0.15925 0.37819 1.2816 6.1658 1.8962
2003-05-31 332 0.0254 0.0278 0.0245 4.1774 0.20109 0.28258 0.35771 2.989 2.0119
