0.060983 0.076165 0.024758 3.4112 0.073376 0.76882 0.61607 1.3101 2.6115
0.12307 0.099941 1.0397 8.0881 0.94357 0.92546 0.50417 0.62338 3.2153
0.36111 0.046523 3.6754 9.9712 1.422 1.009 0.24556 0.34864 2.2988
0.12866 0.04004 0.92577 10.492 1.2655 0.96262 0.25394 0.38831 2.5392
0.51456 0.25208 0.26447 6.3752 0.33319 0.48687 1.1788 0.083356 0.60144
0.17598 0.049136 0.052461 10.78 0.59971 1.1173 0.94856 4.9799 0.3556
0.042323 0.029918 0.013135 14.961 0.021883 0.44212 0.36399 3.7975 0.94078
0.051226 0.036897 0.07538 2.0954 0.14367 0.32615 0.26111 0.62392 0.56649
0.14583 0.029149 0.15468 2.3338 0.18811 0.40247 0.25621 0.38718 1.0621
0.053403 0.00041203 0.061402 1.4829 0.9239 2.2539 0.00041968 0.3003 0.0035362
0.0072265 0.0091698 0.0086569 1.3369 0.024444 0.25792 0.29999 0.58979 0.89965
0.19177 0.00064215 0.061444 2.9858 0.71311 0.18314 0.12051 1.8053 0.34246
0.019132 0.023458 0.010327 4.2455 0.32135 0.13351 0.11417 0.39374 0.55267
0.037749 0.03268 0.025578 2.8106 0.22779 0.092193 0.40246 0.80632 1.9888
0.11376 0.065654 0.017953 6.3525 0.1111 0.10727 0.43926 1.5226 0.94727
0.12309 0.039506 0.037541 9.2088 0.1047 0.28218 0.50033 3.3065 2.0279
0.11479 0.039348 0.10327 11.518 0.14337 0.26998 0.61201 4.0675 0.85008
0.018161 0.015317 0.022421 11.765 0.014732 0.12786 0.2492 3.5452 0.44106
0.037524 0.020449 0.20849 3.0941 0.42604 0.28916 0.17106 0.86352 1.0114
0.018541 0.031671 0.0030021 1.6265 0.079452 0.24449 0.25649 0.16353 1.9945
0.40568 0.049177 0.036375 1.9333 0.29076 0.17409 0.38222 1.6788 1.778
0.37246 0.11329 0.071158 8.6993 0.63262 0.24514 1.3905 2.7274 1.8496
0.30789 0.060814 0.11929 16.179 0.34219 0.28487 1.3329 1.1499 4.3132
0.43406 0.25799 0.029621 18.378 2.4279 0.28924 0.10854 0.87354 1.1803
0.18891 0.44351 0.00015902 17.779 0.35692 0.52848 0.58 0.37088 3.0905
0.0010732 0.71254 1.4498e-05 13.939 0.045358 0.98349 0.52123 1.5704 2.6386
0.63121 0.43806 0.4061 6.4782 0.53738 1.2883 1.5018 0.75168 1.6166
0.10003 0.052286 0.012548 1.8015 0.14121 0.31541 0.53496 0.46445 1.8705
0.10692 0.28535 1.449 3.0759 1.981 0.70448 0.1874 0.55199 2.9586
0.14311 0.10114 0.018394 4.0536 0.55437 0.39295 0.80447 0.40705 3.1333
0.27363 0.28435 0.0031493 5.2185 1.3665 0.59443 0.25684 0.23563 2.3401
0.14374 0.21929 0.010285 11.556 0.30788 0.71385 0.56255 0.59733 4.5455
0.23674 0.098845 0.077523 8.5723 0.38344 0.35634 1.0016 2.3819 1.3032
0.0479 0.06264 0.023331 12.662 0.1364 0.19249 0.31261 2.9128 1.3362
0.069403 0.073424 0.019573 5.9237 0.36519 0.24961 0.80835 1.8761 1.303
0.080832 0.071174 0.027588 7.6404 0.58598 0.13037 0.9569 0.95041 1.7959
0.078828 0.10412 0.012579 12.901 0.039387 0.079494 0.28832 1.4474 1.694
0.026188 0.094336 0.013854 20.644 0.0514 0.28916 0.56964 1.0678 3.1339
0.043603 0.061266 0.012924 20.648 0.11442 0.21157 0.75682 0.63746 2.2469
0.044098 0.13497 0.017425 20.736 0.042112 0.34388 0.58075 0.56703 3.5756
0.00078462 0.13335 0.0058938 11.309 0.026677 0.27775 0.25734 0.99951 2.0882
0.05258 0.098915 0.00037909 10.217 0.029866 0.40681 0.46847 1.0901 2.6237
0.15434 0.25263 0.0064258 10.425 0.45086 1.9997 0.80784 1.6426 2.5003
0.26728 0.41196 0.0071501 5.034 0.37629 1.134 0.65007 0.75531 0.77978
0.030379 0.18172 0.0070917 1.6735 0.05737 0.21756 0.49451 0.3869 1.6822
0.29332 0.40572 0.012985 7.613 0.37128 1.2166 0.73573 0.46756 1.6312
0.24544 31.952 0.68301 1.5025 0.065469 0.00075894 0.0034353 0.018214 1.4813
0.40138 3.9182 0.13319 4.2782 0.31897 0.32244 1.1594 1.5054 1.4228
0.046269 0.20339 0.024276 6.1235 0.058699 0.16439 0.29765 0.35881 1.6148
0.12012 0.45948 0.070883 8.576 0.91391 0.56304 0.19966 0.39205 1.7112
0.066923 0.20611 0.10394 7.0762 0.35653 1.4011 0.70333 0.35736 1.4298
0.051413 0.20863 0.017146 7.6455 0.10708 2.3111 1.3073 0.44777 2.6688
0.16784 0.16483 0.013533 5.1492 0.093539 0.14111 0.53776 0.40099 5.0692
0.83633 0.042065 0.090394 6.9889 0.53312 0.21668 0.84725 0.90903 2.3207
0.025574 0.070616 0.013167 9.8229 0.031796 0.24271 0.78114 0.25531 3.1218
0.037061 0.072343 0.1719 19.11 0.082099 0.79047 0.50326 0.18892 2.7304
0.077961 0.031575 0.33971 3.9253 0.14867 0.34709 0.61785 1.5273 1.106
0.062136 0.06626 0.022339 16.71 0.05065 0.41513 0.47772 2.5275 2.3074
0.11289 0.10578 2.5887 13.591 1.7549 0.59943 0.2194 0.6157 1.193
0.19163 0.048293 0.3129 7.3213 0.38354 0.27147 0.76064 0.12397 2.3711
0.56774 0.056674 0.010512 22.2 0.011318 0.092521 0.032314 1.0079 0.011929
0.053859 0.06697 0.0052934 7.8527 0.11448 0.22508 0.4093 0.337 1.7562
0.37837 0.29344 0.56823 14.381 0.57694 0.80509 0.54488 0.30678 0.90505
0.29552 0.031125 0.15697 13.208 1.5914 0.38841 0.16069 0.73824 1.6057
0.13994 0.33675 1.7732 12.692 1.7739 0.63554 0.23088 1.3306 1.1645
0.035966 0.037158 0.02247 27.557 0.044495 0.17257 1.1897 0.0087417 1.7351
0.84121 0.35425 0.332 18.219 0.38331 0.69968 0.94134 0.47775 0.63201
0.11723 0.054878 0.12618 8.4988 0.13637 0.21267 0.64665 1.4323 1.1107
0.26397 0.3332 0.84121 8.9274 1.0419 0.61044 0.51005 0.30272 1.8496
0.50675 0.051115 0.21207 4.2092 0.86977 0.20149 2.0041 0.4542 2.0229
0.48059 0.26724 0.31474 4.4903 0.45445 0.45303 1.2891 0.32032 1.3308
0.26907 0.052693 0.016555 4.4532 0.2511 0.24107 0.22721 0.35748 1.2933
0.1724 0.31162 1.6022 7.549 1.8953 0.69831 0.37914 0.6012 3.8288
0.55811 0.055065 1.2097 6.6817 1.6717 0.99614 0.45102 0.34323 1.6397
0.70345 0.25165 0.27456 3.83 0.37743 0.48937 2.0215 0.7285 1.1817
0.022292 0.045551 0.039006 7.9577 0.052977 0.27244 0.61521 2.1178 0.79988
0.058347 0.28108 2.2094 7.9455 1.6448 0.80138 0.086942 1.0381 0.25939
0.0075993 0.039406 0.037351 6.9447 0.028831 0.068854 0.39092 0.83029 1.5318
0.73151 0.27491 0.76043 8.4887 1.0266 0.45805 2.549 1.0356 5.5639
4.462 0.0030209 0.89564 10.476 1.549 0.0048591 0.34546 1.2336 0.0019977
0.5489 0.37724 0.63747 12.311 0.80524 0.7129 1.1235 0.99509 2.4049
0.26165 0.1472 0.40363 10.718 0.64044 0.53295 0.36089 0.40912 2.7223
0.6413 0.34205 0.30445 4.8461 0.4492 0.53169 1.6417 0.68032 1.3279
0.16616 0.062616 0.022178 5.1557 0.38192 0.21383 0.66792 0.47368 0.95657
0.18031 0.25355 1.2758 11.009 1.2898 0.67745 0.33627 0.58398 1.2822
0.6113 0.04893 0.66708 20.078 0.12042 0.21973 0.75524 1.2609 2.8092
0.64632 0.2165 0.89218 19.665 0.83032 0.67059 1.2837 1.3058 1.2535
0.18567 0.06657 0.20366 13.837 0.081939 0.44126 0.85325 0.26382 2.9045
0.65933 0.29407 0.28108 21.88 0.29745 0.61354 0.6405 0.70084 0.34619
0.0072939 0.063005 0.018381 6.7529 0.022215 0.3697 0.24859 0.15171 3.1357
0.38386 0.21084 0.1883 3.3636 0.25362 0.50046 0.87892 0.19061 0.48771
0.049766 0.033245 0.091625 1.9798 0.24389 0.13712 0.24822 0.59678 1.4378
0.76897 0.22021 0.369 3.8118 0.51974 0.412 2.3177 0.9742 1.9234
0.25175 0.052967 0.99378 5.2559 0.27034 0.26959 1.6979 1.5823 3.1438
1.8016 0.13048 0.47702 14.347 0.50096 0.4013 4.6482 1.2832 3.108
0.13558 0.05551 0.094735 13.481 0.27727 0.35013 1.2908 1.6139 2.1079
0.78227 0.1723 0.059565 2.9508 0.07499 0.28625 1.5061 0.1712 0.11125
0.046333 0.081463 0.024412 4.5461 0.11838 0.4169 0.57427 0.54403 2.4084
0.4595 0.37764 0.86216 12.491 0.95958 0.63761 0.89729 0.88932 2.8794
0.417 0.13459 0.6219 15.516 0.22968 0.26772 0.80734 2.5499 3.9502
0.44895 0.15565 1.0913 17.844 0.80851 0.58253 1.0255 2.0333 2.2244
0.067716 0.017041 0.30712 12.212 0.48457 0.19857 0.44894 1.3206 0.84575
0.9951 0.00099135 0.83393 9.374 0.8344 0.05829 0.3119 1.4172 2.7578
0.068016 0.046226 0.40203 3.9654 0.085223 0.11125 0.38497 0.50316 1.4843
0.14605 0.067251 0.051828 3.975 0.16518 0.27186 1.0055 0.76501 5.0509
0.085338 0.075054 0.041594 4.3252 0.26996 0.21754 0.23147 0.4534 2.2102
0.14892 0.054555 0.0071725 1.2298 0.17429 0.16662 0.46194 0.13315 1.6874
0.20162 0.074587 0.038675 1.2316 0.62316 0.22114 0.64424 0.50908 2.8176
0.47252 0.024001 0.41829 1.1763 0.37695 0.12047 0.7723 0.50818 3.6134
1.2712 0.028019 0.38745 1.7893 0.53429 0.16468 1.063 0.73321 5.2333
0.055782 0.031299 0.089159 4.2357 0.18104 0.15467 1.1439 1.3543 2.5456
0.11593 0.047739 0.028446 3.976 0.11488 0.14842 0.76025 1.4653 3.4209
0.38488 0.082146 0.071293 5.8968 0.32024 0.22264 1.1206 2.1548 4.393
0.34086 0.061273 0.45967 7.759 0.93574 0.61434 1.1281 1.4058 3.7494
2.6185 0.010749 0.28702 6.6539 1.4534 0.41356 0.84207 0.30165 4.0515
0.35531 0.079134 0.2425 6.8016 0.9663 0.57905 1.0325 0.26942 3.8709
0.43083 0.12089 0.35181 11.208 1.3415 0.44921 0.51493 0.55149 2.487
1.9517 0.10392 4.6149 2.8293 0.33383 0.046811 0.012527 0.00043729 0.027147
0.031307 0.067353 0.19537 3.6071 0.062368 0.17375 0.4953 1.1287 1.6125
0.010338 0.11476 0.0014467 6.8432 0.070809 0.23878 0.28256 0.8591 1.441
0.032789 0.00040134 0.073137 4.4745 0.044889 0.04912 0.22225 1.8216 0.64593
0.00068479 0.0078062 0.010057 3.1373 0.017286 0.039167 0.16852 1.8472 0.3254
0.019469 0.030948 0.26586 2.175 0.08864 0.15718 0.28172 0.46246 1.0119
0.12167 0.030879 0.87297 1.2915 0.19866 0.17636 0.7403 0.32595 1.3223
0.025038 0.015219 0.038958 1.2948 0.1298 0.1242 0.49312 0.54266 1.4064
0.025355 0.051957 0.31438 2.1025 0.19617 0.34806 0.24622 0.47104 2.1479
0.27219 0.12111 0.54129 2.7621 0.4752 0.36357 1.0612 1.7438 3.2491
0.48458 0.18866 1.0513 7.1116 0.25837 0.37198 0.92163 1.8856 3.0071
0.20748 0.14935 0.21342 10.058 0.44816 0.35139 0.25459 1.5127 0.97431
0.043224 0.16098 0.82392 10.814 0.10302 0.37544 0.39289 1.6607 2.4223
0.19648 0.093529 0.64485 5.8133 0.37459 0.16509 0.31476 0.36414 0.95005
0.0093896 0.049867 0.056087 3.0738 0.033332 0.24488 0.21464 0.49869 1.206
0.0090464 0.034529 0.018552 1.5129 0.023073 0.22835 0.21494 0.099792 1.0668
0.010853 0.022539 0.0042753 1.9879 0.026276 0.2207 0.22354 0.23846 1.2958
0.059111 0.067822 0.012893 2.2705 0.083054 0.16789 0.49669 2.0711 2.2134
0.20049 0.21608 0.0074664 2.3513 0.16688 0.16389 0.51651 2.8125 2.9971
0.050683 0.12577 0.022105 3.6132 0.060137 0.53145 0.24842 0.85429 2.8247
0.086588 0.25328 0.022714 4.9183 0.22815 0.64892 0.71006 1.5723 3.5705
0.02594 0.24086 0.14313 6.3933 0.075595 0.28177 0.19416 0.43075 2.0568
0.056915 0.093903 0.85278 2.5463 0.26482 0.19158 1.1821 0.70186 2.8682
0.20538 0.1709 0.11755 1.7173 0.29127 0.65574 1.9126 1.4765 3.8151
1.3167 0.14458 0.098247 1.0369 0.61073 0.19329 0.95639 1.2877 2.9502
0.056778 0.14441 0.047837 2.5797 0.1336 0.36151 1.185 1.5229 6.2124
0.21711 0.14467 1.3959 4.6684 0.90415 0.52728 1.3049 1.7611 5.5435
0.38017 0.21213 0.11827 5.3786 0.25648 0.27962 0.45912 3.7103 3.0402
0.25849 0.072514 0.6643 2.4892 0.53028 0.1797 1.2472 3.1255 4.386
0.22422 0.22118 0.029624 1.7428 0.2533 0.21333 0.70949 3.456 2.7519
0.16463 0.16398 0.06316 3.3915 0.17859 0.23377 1.8501 2.9622 3.136
0.056612 0.18113 0.29267 7.9954 0.13487 0.5054 1.0146 1.6339 3.7364
0.099852 0.2721 0.034323 12.157 0.14418 0.6215 0.5824 5.3172 3.8879
0.3108 0.15625 0.15479 13.268 0.92332 0.42345 0.86846 19.272 2.8553
0.0058296 0.099275 0.014842 3.2748 0.14729 0.25906 0.34377 1.7887 1.6901
0.053769 0.07051 0.070945 0.45756 0.17976 0.21628 1.0216 2.826 3.8079
0.013757 0.013143 0.056858 2.306 0.079853 0.14391 0.3813 1.7831 0.95078
0.049529 0.035714 0.012199 4.0182 0.42525 0.19767 1.0516 4.0504 0.11803
0.055837 0.10007 0.030781 2.5469 0.44397 0.16474 1.5501 0.79522 0.0009916
0.039573 0.022745 0.1234 2.1219 0.074013 0.046588 0.18672 1.0704 0.39246
0.65815 0.034423 0.47727 2.7655 0.33165 0.14151 0.68515 6.1635 1.418
0.048446 0.059309 0.016528 3.4807 0.072857 0.11232 0.42262 5.9151 2.5913
0.051073 0.090294 0.34046 4.609 0.20242 0.19177 0.62301 2.4978 2.359
0.061947 0.10779 0.23984 5.2344 0.07844 0.17845 0.20803 0.82307 1.3239
0.0046981 0.14216 0.017883 11.227 0.035468 0.24175 0.18493 1.305 1.5915
0.15343 0.042589 0.087587 1.6657 0.15627 0.10949 0.59063 1.6238 1.0128
0.39106 0.051382 0.003196 5.3052 0.38834 0.12027 0.59085 1.5943 0.43491
0.068533 0.058582 0.04644 0.7947 0.20898 0.12053 0.82434 3.4858 1.925
0.59453 0.12846 0.39878 2.152 0.27224 0.18306 1.5566 5.8827 3.5253
0.20057 0.14119 0.16896 7.1298 0.24284 0.27994 1.5524 9.6462 1.5738
0.028521 0.033148 0.023302 3.472 0.058833 0.11785 0.37296 3.1624 0.48031
0.070609 0.023617 0.036989 3.0878 0.082774 0.099391 0.32222 2.8667 0.76926
0.0067234 0.033365 0.0019279 2.9805 0.034744 0.097886 0.10931 2.1663 0.31512
0.045357 0.012042 0.013597 4.119 0.091971 0.092629 0.46417 5.2452 0.47228
0.22171 0.043476 0.27278 2.9343 0.13125 0.11728 0.65675 2.9703 1.6405
0.052051 0.036816 0.027287 1.8998 0.14098 0.11865 0.46281 3.0652 1.6126
0.3327 0.062626 0.021172 1.2214 0.7372 0.13719 1.156 1.4052 2.9834
0.63031 0.089313 0.054534 1.1632 0.53463 0.27125 1.1175 2.3685 2.1055
0.010252 0.063204 0.0014287 3.431 0.053713 0.14116 0.18935 1.9474 0.68881
0.0022386 0.022262 0.00055038 3.0838 0.10262 0.2097 0.13334 2.3455 0.64786
0.015285 0.059739 0.012543 0.86021 0.046065 0.088111 0.15974 2.5922 0.60408
0.023119 0.14167 0.0026728 2.0115 0.079384 0.1532 0.18164 2.919 1.0169
0.0087396 0.031664 0.0057036 2.0427 0.038376 0.10914 0.15199 3.566 0.8176
0.02147 0.037021 0.011861 1.4053 0.11447 1.3127 1.0824 2.7335 5.3848
0.032928 0.031385 0.010063 1.9447 0.23628 0.12013 0.3726 2.9132 1.7122
0.026999 0.031892 0.018568 1.6752 0.12645 0.16276 0.17572 1.795 1.0602
0.0060711 0.075689 0.020801 1.998 0.17062 0.090271 0.13747 2.2172 1.4746
0.016435 0.10979 0.0090928 4.1968 0.057989 0.094057 0.23431 3.4665 1.2867
0.098455 0.19699 0.035952 2.2127 0.44073 0.1268 0.59703 3.5672 3.5552
0.088532 0.082455 0.096027 2.1391 0.63261 0.26598 0.49796 10.057 2.7256
0.11634 0.093111 0.084273 3.0649 0.56075 0.20123 0.64568 9.4236 4.5932
0.22175 0.15098 0.096484 2.876 0.55709 0.27391 0.28096 4.3671 2.6178
0.041226 0.32361 3.2662 2.2015 1.2539 0.84226 0.058079 8.553 0.14057
0.035027 0.01149 0.062644 5.3397 0.49831 0.1469 0.00094004 9.8317 0.74979
0.081954 0.097415 0.12334 3.6314 0.24765 0.10349 0.30342 3.7251 1.652
0.1526 0.30433 1.0837 1.9042 1.1374 0.5556 0.25804 2.8003 1.7222
1.151 0.3108 0.93104 2.2366 8.226 0.48466 1.6812 2.9583 3.0653
1.9851 0.33979 0.35182 0.82596 0.78534 0.34099 4.1589 3.5476 6.2723
0.65899 0.28589 0.5397 2.2186 0.9022 0.5217 1.3491 5.426 2.3374
0.1188 0.27174 0.717 0.96807 0.92364 0.47117 0.19572 3.9094 0.76256
0.11181 0.29448 1.1371 1.308 1.4616 0.54514 0.19252 3.5236 1.448
0.022512 0.020447 0.6616 3.8068 0.36716 0.2042 0.14141 3.0319 0.95499
0.06917 0.061978 0.01821 2.1163 0.2476 0.15832 1.2587 2.4413 3.3289
0.031943 0.04255 0.1027 2.2667 0.1264 0.12411 0.43392 3.9448 1.7073
0.16658 0.035382 0.072365 3.5663 0.47791 0.11577 0.55796 5.2066 4.355
0.27024 0.076169 0.26562 4.5772 0.46826 0.051849 0.93127 9.5066 1.1918
0.050345 0.024588 0.050614 5.5734 0.24475 0.087829 0.23628 11.65 0.21421
0.07678 0.07959 0.10495 7.2746 0.069416 0.087565 0.048077 4.5444 0.90788
0.10372 0.022112 0.70703 3.2731 0.6946 0.12386 0.19102 3.158 1.9989
0.031405 0.062028 0.0086019 1.5089 0.084792 0.60669 0.33486 1.8161 1.6777
0.12187 0.097584 0.076234 6.3184 0.21841 0.15261 0.43759 4.545 0.84009
0.054441 0.093537 0.039102 6.519 0.14207 0.12975 0.50658 0.6884 1.5107
0.62704 0.080335 0.4148 2.9645 0.5066 0.042795 0.31145 5.286 2.3561
0.12149 0.081724 0.047763 1.4709 0.13026 0.14993 0.34172 2.3431 1.8161
0.018175 0.10498 0.04294 2.1727 0.073503 0.15184 0.25244 2.0644 1.9794
0.088142 0.18699 0.1239 5.2506 0.26768 0.25598 0.50858 2.8237 3.1931
0.18296 0.15044 0.026819 6.0139 0.45523 0.15794 3.023 11.347 2.7872
0.04527 0.023952 0.029646 2.6964 0.17698 0.057403 1.3801 3.7897 0.052433
0.028671 0.046077 0.022983 1.5849 0.1669 0.086154 1.1036 1.6884 0.24231
0.012987 0.026176 0.025154 2.832 0.092774 0.073755 0.3722 3.6367 0.81545
0.080028 0.063513 0.045503 2.5285 0.17383 0.14968 0.63279 4.7471 1.5456
0.25508 0.045535 0.012974 1.7389 0.75468 0.054396 0.11285 3.9901 0.39527
0.070259 0.066658 0.014018 3.0519 0.26917 0.15596 1.0294 4.9862 1.63
0.076111 0.087019 0.0064757 2.3366 0.12426 0.10825 0.27792 1.4833 3.4595
0.13663 0.11523 0.044567 2.2695 0.091257 0.17439 0.34347 4.0317 4.4808
0.10462 0.10031 0.071788 3.3758 0.34304 0.19012 1.3165 9.8659 3.3267
0.52334 0.034997 0.18638 4.2144 0.744 0.08318 0.3585 4.7593 0.92762
0.0074696 0.046333 0.0057711 4.1935 0.080592 0.24084 0.24175 2.4301 1.7955
0.005486 0.0058962 0.016124 4.1134 0.027135 0.089553 0.074541 3.2151 0.18704
0.041345 0.0011116 0.57063 1.7943 0.096163 0.11055 0.21769 3.6278 1.0935
0.042966 0.03716 0.0078689 1.0055 0.11047 0.39387 0.43031 1.002 1.2128
0.067647 0.045533 0.029637 1.8489 0.089941 0.23481 0.65835 2.4125 2.4754
0.12786 0.04348 0.72438 2.2232 0.27071 0.17721 0.39137 2.6323 2.2449
0.35375 0.058802 1.0768 2.037 0.16522 0.19474 0.43804 2.7467 1.0989
0.37224 0.063841 0.04465 1.6554 0.47711 0.12292 0.24751 1.2655 1.3709
0.018853 0.050675 0.0085943 2.2513 0.3201 0.15058 1.0464 2.6857 1.1315
0.017272 0.062289 0.0030007 2.2616 0.065746 0.17496 0.22635 3.232 1.9599
0.015471 0.072532 0.049967 3.5985 0.038778 0.10653 0.1197 3.3732 0.80275
0.0041712 0.022048 0.21723 4.4391 0.11524 0.14568 0.19029 3.3665 0.36911
0.038712 0.01589 0.0068926 6.2357 0.034716 0.090689 0.17536 3.31 0.55707
0.68577 0.040018 0.0090093 3.926 0.38122 0.15462 0.63825 3.884 2.0341
0.16386 0.078137 0.042505 2.6571 0.21744 0.19964 0.39836 2.5288 2.3778
0.065118 0.067569 0.0077645 4.5594 0.066743 0.25916 0.23829 2.3565 1.6668
0.03824 0.033588 0.21171 5.2918 0.17481 0.088193 0.19034 4.5333 0.66229
0.0078272 0.015952 0.00080234 2.9383 0.040409 0.10628 0.087292 2.1961 0.69302
0.037256 0.026515 0.012898 1.4188 0.058005 0.1797 0.41779 2.7213 1.2695
0.21094 0.10354 1.1409 1.5233 0.27987 0.16255 1.0523 4.6139 3.1885
0.031181 0.094166 4.9767e-05 1.9138 0.12081 0.25712 0.6968 3.755 1.6029
0.017544 0.083862 0.083635 2.7032 0.10567 0.25518 0.19093 4.4899 0.59163
0.018909 0.044569 0.0003855 1.382 0.016855 0.26348 0.12169 2.2203 0.61017
0.041353 0.028359 0.14989 2.6718 0.35 0.10956 0.10386 3.6327 1.3229
0.2142 0.084198 1.5597 2.9319 0.23617 0.22514 0.26814 3.9578 1.6417
0.024695 0.11252 2.3868 4.6072 0.1313 0.29747 0.18788 2.0093 1.2685
0.037171 0.094324 0.43603 5.2286 0.07534 0.28555 0.42474 3.676 1.2965
0.0019085 0.08385 5.2884e-05 3.9004 0.023957 0.27827 0.19358 1.9753 1.6525
0.011051 0.026029 0.045945 2.7924 0.032107 0.26393 0.093871 1.2039 0.48802
0.056849 0.036701 0.1351 2.4946 0.12942 0.19702 0.21182 2.9806 1.0859
0.059085 0.10257 0.077661 3.3222 0.082605 0.46735 0.31229 3.0955 1.269
0.033244 0.045596 0.17772 6.075 0.46985 0.080797 1.3969 7.7325 0.64244
0.31054 0.051244 0.25696 11.413 0.0074743 0.12662 0.31681 3.9478 0.95432
0.0090222 0.045931 0.20337 6.0413 0.15399 0.4485 0.25537 3.5995 1.0459
0.027473 0.024362 0.026065 3.8127 0.24508 0.13904 0.58714 5.4202 1.5199
0.025424 0.019909 0.010876 6.39 0.098651 0.0019899 0.61692 3.2201 0.431
0.028634 0.021938 0.019368 11.65 0.1086 0.038951 0.25878 5.8956 0.70827
0.062849 0.017165 0.030839 12.205 0.1504 0.15363 0.48048 6.6377 0.66106
0.077076 0.017096 0.025606 7.0043 0.18897 0.023431 0.65183 8.06 0.30408
0.061334 0.0092536 0.11396 9.1228 0.59036 0.03936 0.66515 6.8724 1.5531
0.075098 0.0097646 0.10095 4.0367 0.88291 0.16837 0.16929 3.9212 2.7829
0.24336 0.07718 2.2595 2.6819 0.11329 0.41141 0.098726 0.93788 1.2294
0.044681 0.035106 0.031438 4.7284 0.35107 0.13049 0.46181 6.3023 1.292
0.30676 0.016114 1.1424 6.5379 0.04255 0.076314 0.29259 6.8368 0.96392
0.049105 0.075012 0.013993 10.617 0.098902 0.21307 0.83578 4.3605 1.1978
0.038511 0.052757 0.043569 5.3715 0.29609 0.18976 1.5523 6.3383 1.3641
0.91384 0.077097 0.012391 2.3529 0.30631 0.35582 0.8 3.4559 0.85131
0.03448 0.067805 0.0068668 2.0559 0.11268 0.70114 0.72039 2.8635 1.4304
0.057553 0.074746 0.13038 4.4401 0.10812 0.64279 0.83209 3.2017 1.3853
0.040661 0.013637 0.91737 5.5759 0.48452 0.31648 0.30344 6.0048 1.219
0.039789 0.030341 0.027396 5.4259 0.37675 0.15102 0.59097 3.5227 1.9117
0.053849 0.068456 0.021877 2.4894 0.38904 0.34952 1.1995 5.5063 3.1217
0.039478 0.058962 0.18042 4.1227 0.20339 0.32998 2.3157 8.9638 2.5598
0.033474 0.037377 0.00026637 4.5551 0.081182 0.34804 0.30009 12.408 1.564
0.034666 0.076416 0.0058893 5.3613 0.1543 0.53644 0.27487 9.8455 1.6763
0.010817 0.051729 0.37368 6.9204 0.1741 0.33297 0.29236 2.7904 1.026
0.023257 0.070826 0.035548 5.7096 0.11312 0.15572 0.55502 5.4948 1.5724
0.03973 0.035842 0.016845 5.8176 0.054164 0.30457 0.40825 5.8193 0.98817
0.036525 0.076922 0.035214 7.8681 0.12503 0.59218 0.41354 5.5749 1.8905
0.013209 0.041448 0.11588 9.8176 0.24105 0.54269 0.36595 4.508 2.2351
0.060816 0.046828 0.016154 18.328 0.63487 0.29354 1.158 7.5769 1.2141
0.055636 0.042533 0.275 8.5647 0.17291 0.28874 0.25459 3.2088 1.5227
0.0081586 0.067976 0.78262 9.2035 0.0081051 0.32714 0.19552 0.70032 1.3226
0.00013496 0.082398 0.10193 9.1279 0.025644 0.44698 0.16158 0.36657 1.8539
0.01815 0.13448 0.062187 5.738 0.14381 0.42731 0.32027 1.0129 2.6992
0.039369 0.20348 0.05317 7.1328 0.3488 0.40895 0.17111 1.0166 3.579
0.080339 0.18195 0.023557 6.1257 0.39165 0.40617 0.28591 0.68078 3.8268
0.019862 0.015998 0.056953 7.9286 0.23414 0.1658 0.62573 6.7216 0.30337
0.010293 0.036509 0.0079619 5.2069 0.024054 0.086132 0.28204 2.5819 0.38247
0.039462 0.021947 0.0077472 2.5312 0.12148 0.11455 0.29537 2.4545 1.0784
0.019279 0.031074 0.0018008 5.1827 0.043071 0.41467 0.33034 2.9486 1.329
0.014818 0.068168 0.18563 5.7393 0.14894 0.42786 0.32206 1.8641 1.3534
0.033221 0.03785 0.026229 1.4032 0.20806 0.99466 0.54142 0.30458 2.148
0.056202 0.079824 0.14699 1.1338 0.060233 1.009 1.3634 1.5589 1.7802
0.01369 0.093019 0.0010346 7.5903 0.046728 0.58266 0.18651 2.5904 0.53908
0.0043312 0.032803 0.094947 3.1435 0.088198 0.19994 0.15343 1.4727 0.44345
0.084463 0.027966 0.18 6.5843 0.22661 0.12555 0.79051 3.097 3.7458
0.13557 0.060292 0.13298 6.5848 0.14515 0.44326 0.38674 1.8498 1.998
0.019437 0.1164 0.0012105 8.0219 0.063216 0.19289 0.46861 4.63 1.191
0.22928 0.056585 0.20987 2.9168 0.15972 0.33144 1.3068 2.4224 2.0361
0.039647 0.093535 0.009306 7.4728 0.082703 0.41209 0.78995 2.5612 1.7709
0.097426 0.1118 0.26291 7.5546 0.21969 0.74499 0.37117 2.1123 2.4226
0.024864 0.1297 0.11083 5.3693 0.054355 0.51806 0.39137 1.1878 0.93398
0.038603 0.11424 0.1846 3.0442 0.17198 0.6525 0.4757 0.62056 1.5187
0.040007 0.16289 0.20927 6.1413 0.068741 0.53022 0.32338 0.96049 0.76809
0.00070655 0.03005 0.023973 1.0257 0.026866 0.23161 0.28188 0.25093 0.83819
0.018198 0.072601 0.0045649 2.8917 0.076668 0.44017 0.64533 1.3406 1.8453
0.0025298 0.10453 0.0015949 8.6586 0.0093893 0.56235 0.22249 0.7922 1.0546
0.0056977 0.093502 0.019221 5.8604 0.52672 0.57811 0.56144 1.0806 0.88836
0.013251 0.022836 0.0044365 3.4592 0.031611 0.22719 0.36908 0.42308 0.77259
0.044372 0.062162 0.030688 2.5661 0.15365 0.314 0.78311 0.53303 1.5835
0.18293 0.29003 0.57956 3.4654 0.77189 0.6569 0.33428 0.72143 1.4052
0.2865 0.32662 1.061 4.9807 1.1674 0.73053 0.48918 1.4286 1.6481
0.11609 0.031486 0.0044312 3.6801 0.25226 0.11535 1.0631 3.4375 0.3344
0.052728 0.028923 0.032645 2.712 0.6798 0.15809 0.78901 0.043017 1.7104
0.074777 0.07721 0.033295 2.3157 0.14052 0.36329 0.57895 1.416 1.3503
0.060592 0.060283 0.083384 3.6059 0.1049 0.37653 0.89333 1.7735 1.6166
0.045436 0.0435 0.02807 2.8597 0.068012 0.14708 0.701 1.6818 1.0548
0.020727 0.034044 0.0035036 7.772 0.09926 0.22341 0.24686 2.5246 1.2871
0.079942 0.1412 0.51247 9.4643 0.51336 0.42918 0.34774 0.87329 4.2085
0.041061 0.085387 0.12656 7.6733 0.34114 0.36858 0.90915 3.8358 1.1594
0.042972 0.082952 0.035057 7.4968 0.10082 0.27008 0.28456 1.1606 0.87864
0.039772 0.046955 0.029007 3.1261 0.11347 0.14901 0.74788 2.0727 2.0149
0.012627 0.047119 0.20179 7.2068 0.11003 0.25471 0.3373 4.1292 1.6399
0.10131 0.044478 0.25244 3.766 0.078385 0.22904 0.35908 2.9315 1.3523
0.024388 0.059491 0.023702 9.1726 0.07179 0.2481 0.56202 4.3961 3.1349
0.14518 0.081112 0.072896 11.203 0.85776 0.33197 0.34542 0.92774 2.6378
0.054228 0.071616 0.072538 7.6152 0.58781 0.37814 0.34865 0.82379 3.1902
0.074671 0.074028 0.00011313 12.577 0.36484 0.34537 0.17086 0.75735 1.6381
0.1137 0.086504 1.3228 10.444 0.52292 0.47429 0.35688 0.26837 2.9067
0.068754 0.15178 0.13359 9.8937 0.59167 0.41797 0.46952 0.44879 3.5766
0.067401 0.1274 0.016623 4.5828 0.25854 0.15186 0.55333 3.027 0.61774
0.018203 0.040937 0.010132 9.0216 0.33195 0.14932 0.91981 2.7548 0.76832
0.060913 0.024562 0.053964 13.234 0.03428 0.12986 0.89139 4.4083 1.135
0.0045179 0.087456 0.016796 15.491 0.0252 0.22974 0.43124 0.85915 2.4055
0.015523 0.38899 0.0045334 12.685 0.11372 0.29217 0.42772 1.1675 1.8804
0.020744 0.089418 0.024306 7.2224 0.058839 0.19497 0.21192 0.99123 1.6847
0.016015 0.11853 0.16664 4.8216 0.061225 0.20202 0.13288 0.9793 0.75973
0.062142 0.033818 0.062876 2.8529 0.31043 0.18913 0.5232 0.92956 1.2945
0.040937 0.039727 0.065396 4.1231 0.035624 0.16814 0.48976 0.26018 1.1028
0.010187 0.017198 0.0091994 1.5878 0.010928 0.17258 0.30722 0.12866 1.1705
0.017443 0.031898 0.0041958 1.7799 0.078852 0.22362 0.37217 0.33598 1.3645
0.049593 0.067282 0.018814 3.3381 0.19448 0.29459 0.95235 0.4447 2.0768
0.048724 0.30569 0.48095 4.5475 0.087694 0.24064 0.73746 1.026 2.3305
0.043284 0.17556 0.074986 7.7263 0.033717 0.25507 0.34993 0.57995 1.9242
0.0078986 0.41921 0.04584 14.107 0.04887 0.27119 0.21441 0.84432 2.116
0.0034483 0.16065 0.012739 16.507 8.1069e-05 0.31933 0.27571 0.67843 2.4737
0.012636 0.1157 0.031028 20.542 0.10646 0.34823 0.36483 0.53909 3.3556
0.065907 0.17654 0.40593 25.987 0.04009 0.32248 0.56894 0.79079 4.2714
0.00028645 0.086565 0.016853 22.265 0.0033825 0.39746 0.4818 0.051979 4.1868
0.013391 0.07215 0.034858 11.717 0.019806 0.23206 0.47289 0.36215 2.0679
0.03801 0.11791 0.17065 6.4695 0.097524 0.29859 0.83581 0.10528 2.4548
0.13001 0.060555 0.25581 7.8653 0.5568 0.21425 0.4669 0.66189 0.95102
0.12172 0.12308 0.31496 6.2295 2.1382 0.29329 0.74776 0.57625 1.7421
0.041807 0.087819 0.018876 6.0843 0.28193 0.17218 2.0128 0.90419 1.6625
0.011237 0.11578 0.10459 8.9926 0.049124 0.4903 0.42423 1.0556 1.8058
0.00055887 0.14918 0.011519 0.71706 0.22948 7.6333 3.1534 0.48499 0.10014
0.010636 0.24977 0.086831 0.021769 0.00092142 12.991 6.3572 0.42794 0.75536
0.020253 0.5019 0.078602 9.3949 0.65363 5.6106 3.9068 0.0030855 2.555
0.0031805 30.313 0.80378 16.166 0.17756 2.3861 2.2143 3.3437 1.0928
0.15093 27.446 1.0126 26.696 0.010454 4.7297 4.4781 4.4145 1.8528
0.040343 0.46521 0.01966 13.667 0.022911 1.1067 1.1987 0.27883 1.4082
0.038691 0.62332 0.042272 8.74 0.043575 0.41072 0.61523 0.57625 4.3193
0.048882 0.52321 0.020627 19.215 0.12994 0.80655 0.95842 0.7442 3.3643
0.12485 0.15829 0.0075955 19.764 0.18044 1.0957 0.74801 0.025404 3.6292
0.047198 0.061488 0.011333 13.217 0.062574 0.17483 0.58687 3.4968 1.1911
0.051658 0.079531 0.0012049 17.1 0.053869 0.11951 0.95962 1.9146 1.2394
0.07457 0.040732 0.039552 15.299 0.22377 0.2579 0.58589 0.82717 1.5589
0.052634 0.1313 0.0013566 20.57 0.15093 0.20322 0.8914 0.61619 1.8729
0.055507 0.074929 0.026269 25.14 0.18932 0.56591 1.2045 0.062678 2.6844
0.030792 0.073066 0.017891 34.192 0.070815 0.18924 1.7 0.3813 2.089
0.15587 0.05681 0.035777 20.09 0.063819 0.34389 0.47977 1.4509 2.1314
0.10809 0.028632 0.10458 3.2071 0.14582 0.16998 1.0047 0.38887 1.1933
0.22205 0.062137 0.060707 6.5953 0.208 0.25514 2.1612 0.53851 1.2297
0.19106 0.078155 0.017158 7.1141 0.037551 0.49463 1.3317 0.42601 1.0237
0.079851 0.081939 0.035299 6.769 0.2588 1.1045 1.6273 0.44971 1.1266
0.17289 0.036669 0.5613 6.1355 0.28815 1.0185 3.0384 0.27167 1.7911
0.24336 0.30559 0.57038 6.8896 0.72363 0.64448 0.46173 0.61123 0.79742
0.12973 0.057083 0.012467 7.9526 0.33223 0.17827 1.8243 0.76958 1.6339
0.056714 0.031728 0.26527 17.358 0.079719 0.20948 0.74151 1.171 2.2553
0.027918 0.025401 0.44439 13.548 0.072397 0.25319 0.88547 0.35948 1.203
0.014505 0.075464 0.35096 13.244 0.031582 0.58527 0.44199 0.23189 1.3693
0.014809 0.08066 0.12435 9.6588 0.0506 0.80324 0.33833 0.16419 0.89208
0.049041 0.085142 0.13375 3.221 0.48882 0.76673 1.5099 0.24503 1.5632
0.15432 0.053579 0.2812 3.5882 1.0258 0.22133 3.2709 0.60471 0.87111
0.01086 0.068823 0.034382 6.8645 0.087034 2.8571 1.4076 0.74493 2.5433
0.0074225 0.081659 0.010661 15.82 0.020197 1.7682 1.5181 0.3728 1.9767
0.0098192 0.069421 0.031636 24.24 0.0018256 0.80794 0.57572 0.88967 2.0115
0.084698 0.02664 0.35735 23.981 0.12038 0.52937 0.79725 0.72556 3.2945
0.018736 0.044647 0.040105 11.18 0.098454 0.36221 0.5382 1.1494 1.1045
0.025302 0.027655 0.01496 5.503 0.060678 0.19521 0.30157 0.43702 1.0387
0.04037 0.034972 0.0048712 8.526 0.074669 0.183 0.90145 0.55082 1.2782
0.00025563 0.03552 0.016801 18.914 0.039083 0.18393 1.6224 0.35798 1.8873
0.054691 0.069376 0.42376 25.651 0.0020778 0.39729 0.6965 1.4281 2.7323
0.057478 0.066464 0.038079 12.543 0.063905 0.24576 0.31296 0.59379 1.4201
0.022932 0.069037 0.056076 9.2911 0.019212 0.24304 0.23561 0.60603 2.1302
0.07598 0.028487 0.16753 2.696 0.21431 0.10444 0.40057 0.41995 0.82405
0.10739 0.032079 0.079447 4.3083 0.079589 0.080515 0.51795 1.2146 0.61383
0.023593 0.03913 0.24483 7.0035 0.056358 0.27162 0.3727 1.3732 1.04
0.043055 0.042326 0.47351 4.3658 0.030765 0.28196 0.26181 0.25426 1.4212
0.031142 0.062589 0.55962 6.6174 0.03354 0.13556 0.22194 0.27639 1.2052
0.055973 0.14598 0.053211 9.927 0.26812 0.159 0.99985 1.1032 1.2111
0.030436 0.066545 0.032963 8.6072 0.014993 0.21528 0.44874 1.1594 1.4132
0.09036 0.085179 0.30799 7.7772 0.082531 0.32082 0.40497 0.39987 2.3285
0.097492 0.068826 0.26439 8.7962 0.20072 0.27712 1.08 0.73645 2.0453
0.022984 0.044727 0.058137 3.8888 0.19013 0.1448 0.60817 1.0268 1.1201
0.042778 0.066651 0.0062143 8.4446 0.14365 0.3013 0.71172 0.13166 2.2905
0.020764 0.11839 0.02304 8.7469 0.30005 0.2416 1.129 0.12982 2.5272
0.038564 0.10375 0.02884 12.845 0.39987 0.21903 1.8143 1.4046 2.0404
0.052017 0.071249 0.015056 20.176 0.50224 0.23224 2.0002 1.1328 1.8243
0.025749 0.087614 0.028452 14.907 0.2664 0.2091 1.0707 1.324 2.2724
0.021531 0.010282 0.063528 24.107 0.03021 0.2433 0.72568 1.2318 1.9725
0.0020209 0.064174 0.022427 31.089 0.015864 0.23539 0.61657 0.70428 1.8899
0.002865 0.14512 0.018608 28.154 0.51062 0.37946 0.71883 1.0606 1.0008
0.050582 0.047329 0.18279 13.426 0.44425 0.37593 0.095378 0.34148 1.4681
0.07119 0.044209 0.32946 8.1375 0.29369 0.50318 0.30168 0.46288 2.4665
0.054753 0.044819 0.020778 4.0685 0.046841 0.42512 0.6664 0.17017 3.0435
0.03295 0.037245 0.05662 6.4829 0.12107 0.3055 1.6127 0.64634 3.9232
0.21292 0.075585 0.079251 12.284 0.14502 0.54647 1.746 0.61007 7.8994
0.074144 0.053 0.049278 17.13 0.069639 0.83613 0.91121 0.78928 4.683
0.0012064 0.028203 0.010132 20.202 5.6188 0.39228 0.089546 0.94814 3.7926
0.25713 0.055847 0.28347 24.53 0.87809 0.34275 4.2869 0.43151 5.4392
0.021646 0.060566 0.16961 22.098 0.31655 0.56185 1.8034 1.1159 5.818
0.088189 0.036981 0.05826 3.7761 0.12674 0.20366 0.99095 0.32095 2.8945
0.11913 0.065346 0.011998 5.2711 0.18129 0.2445 1.6159 0.53434 3.4201
0.029219 0.093246 0.040636 11.374 0.22892 0.58291 2.4129 0.58884 8.7893
0.064285 0.23959 0.2391 12.178 0.23883 0.46187 1.1233 1.9878 4.0895
0.047261 0.066886 0.012964 15.245 0.30001 0.054904 0.81535 5.5555 1.2281
0.062702 0.061893 0.026918 14.901 0.27943 0.14962 2.0678 4.1457 1.9245
0.13688 0.033476 0.18767 12.236 0.21015 0.14636 1.2233 7.5406 1.1498
0.010863 0.043287 0.014262 8.8636 7.6728e-05 0.43896 0.20562 1.794 1.2021
0.0065466 0.095617 0.18912 2.7843 0.12012 1.46 0.7134 0.25847 1.2243
0.063074 0.014515 0.18537 2.5042 0.55398 0.061243 0.23416 0.45816 0.87668
0.22096 0.073855 0.23113 3.1673 0.6204 0.18995 0.92883 0.80519 3.0942
0.23153 0.056055 0.23068 1.0131 0.16958 0.31478 0.76957 0.14394 3.0794
0.18256 0.069775 0.20366 2.7664 0.25525 0.28104 1.7914 0.59344 5.24
0.055449 0.061821 0.044439 1.7631 0.37193 0.48212 1.6719 0.31124 4.9024
0.13753 0.058802 0.046025 5.0153 0.23265 0.77079 1.9378 0.8593 8.048
0.075466 0.043628 0.042329 15.45 0.387 0.40461 3.5192 3.6144 4.6233
0.021973 0.045364 0.024015 20.611 0.25971 0.39816 0.89235 4.0175 3.2951
0.056701 0.063157 0.037438 24.132 0.11956 0.67548 1.2177 5.072 3.8615
0.046098 0.075315 0.0061853 13.873 0.15697 0.28239 0.34842 1.1322 5.1347
0.21195 0.078568 0.19878 12.872 1.2945 0.36603 0.14766 0.0032044 6.0114
0.15529 0.074097 0.11863 14.89 0.84184 0.4263 0.2464 0.47634 3.6236
0.1063 0.078807 0.24622 6.7226 0.70397 0.63894 1.4555 1.203 3.8525
0.036136 0.075577 0.34641 6.2009 0.33212 0.15156 0.62801 1.4292 1.5986
0.0084156 0.056449 0.11267 4.5404 0.020048 0.16608 0.29675 0.64788 0.84534
0.049529 0.11483 0.018155 2.0375 0.34644 0.36388 1.4048 0.7773 3.2384
0.017054 0.086246 0.18205 3.3092 0.047213 0.27155 0.23587 1.0716 1.8329
0.077432 0.049667 0.029985 2.1199 0.45714 0.21163 1.4493 0.72594 3.52
0.1499 0.082151 0.11994 3.2846 0.16448 0.32383 0.94394 1.524 4.4945
0.23059 0.088898 0.27678 4.5659 0.13312 0.30998 1.4264 1.917 5.1622
0.061675 0.059312 0.03221 7.1006 0.15028 0.17023 1.9654 3.5206 2.7442
0.036932 0.028577 0.055397 9.8647 0.1019 0.16663 0.78924 4.947 2.0193
0.050148 0.043081 0.10698 5.513 0.05937 0.13443 0.11862 2.3268 1.7283
0.031627 0.068387 0.014339 1.4738 0.21143 0.19959 0.57596 0.24427 1.9332
0.067479 0.088973 0.015892 1.3378 0.19405 0.21539 1.2525 2.3477 5.2091
0.49524 0.36727 0.96939 2.8031 0.84605 0.71399 0.946 1.3928 1.5439
0.62821 0.26202 0.17232 1.93 0.24755 0.49114 1.6018 1.9262 0.59109
0.02005 0.025671 0.026531 2.6231 0.13721 0.30015 0.57139 1.7846 2.9544
0.031529 0.14077 0.69941 4.7507 0.057469 0.32233 0.45257 2.5509 3.162
0.14357 0.061309 0.068941 3.0592 0.14633 0.31197 0.36669 2.1372 1.1933
0.17503 0.097133 0.089692 3.1465 0.36938 0.10608 0.91408 5.5022 2.8919
0.082501 0.063454 0.1295 4.5536 0.26961 0.20821 2.0428 5.4858 5.5521
0.10017 0.05498 0.10127 10.155 0.80256 0.20665 3.2204 11.348 3.1275
0.067723 0.030251 0.060253 4.2277 0.41467 0.14154 1.3184 9.4212 1.5933
0.054429 0.041438 0.013977 6.1166 0.18276 0.098317 1.1212 9.5085 1.7476
0.043252 0.028993 0.027233 7.9052 0.13539 0.082605 1.2164 5.9459 0.65753
0.034129 0.10282 0.016966 4.9984 0.050603 0.02433 0.15294 3.3792 0.6531
0.020178 0.051041 0.0052489 7.3364 0.12378 0.047016 0.2448 5.0638 0.36369
0.032489 0.015206 0.016077 8.5841 0.10398 0.0012283 0.66717 7.2473 0.7102
0.025648 0.020909 0.083401 5.6271 0.075378 0.042845 1.247 3.257 0.54689
0.067781 0.025995 0.17829 4.9986 0.71252 0.089706 0.63756 7.7218 0.9958
0.01975 0.0031712 0.051872 4.8653 0.39472 0.058992 0.31699 6.2557 1.5781
0.019775 0.026167 0.024127 2.1156 0.16615 0.10784 0.44133 5.4175 1.9766
0.017958 0.050224 0.0061968 2.556 0.076059 0.087159 0.30112 4.1589 1.2004
0.026631 0.017048 0.051209 4.5135 0.21473 0.0012213 0.6504 1.1607 0.95364
0.042913 0.022381 0.049406 6.0114 0.23826 0.13759 0.373 6.614 1.6904
0.33039 0.044129 0.83428 3.0327 0.39269 0.20367 0.25433 1.8014 2.1593
0.061675 0.067047 0.046009 2.5707 0.045753 0.24007 0.11221 0.49522 2.3788
0.0037574 0.067504 0.0090043 7.8285 0.00054081 0.15832 0.1299 0.33282 0.78233
0.014935 0.048618 0.043292 3.583 0.11885 0.28598 0.26638 1.1252 0.8741
0.013853 0.051126 0.015325 3.4999 0.10817 0.14038 0.3717 2.9479 1.2213
0.14434 0.028923 0.14871 3.2591 0.77597 0.23875 0.5011 5.1349 5.1565
0.2927 0.086011 0.13885 1.2904 1.8876 0.19482 0.18832 1.4694 2.3816
0.14637 0.07753 0.044808 2.1234 0.18983 0.16623 0.26951 2.0752 2.3115
0.010239 0.019854 0.0092246 8.8274 0.15388 0.052946 0.33207 9.0578 0.83997
0.038655 0.0030243 0.077039 2.5355 0.16225 0.084525 0.7765 9.9186 1.7497
0.093789 0.077308 0.024683 4.3308 0.2859 0.19237 0.98197 10.704 2.4665
0.022417 0.051614 0.10697 3.5978 0.16604 0.22153 0.19581 6.3058 1.4547
0.18876 0.035183 0.21094 1.1718 0.44157 0.25669 0.58074 7.9247 5.294
0.134 0.071965 0.35453 0.5734 0.29376 0.47849 1.3372 1.8065 7.3761
0.078146 0.048472 0.13672 2.6126 0.50339 0.3168 0.55092 4.3121 3.7547
0.056091 0.0011128 0.054499 2.606 0.52867 0.4105 0.58021 4.6033 4.4058
0.057948 0.080748 0.04321 3.4344 0.24942 0.39435 0.82686 7.1606 4.7619
0.11286 0.24058 0.041036 2.2155 0.4253 0.26571 1.0935 6.3729 3.4402
0.046346 0.09067 0.0018733 3.516 0.43561 0.12277 0.86588 2.1309 2.0502
0.051093 0.011877 0.021677 2.8517 0.21304 0.074884 0.92311 9.1701 1.2346
0.086076 0.00083861 0.12793 2.2753 1.0002 0.08994 0.74053 13.661 7.4536
0.42102 0.11399 0.091749 4.302 0.31964 0.1561 0.54728 9.821 3.3663
0.059215 0.075403 0.14003 1.2989 0.18342 0.23278 0.20072 1.2242 1.771
0.0053184 0.092209 0.016045 1.2974 0.21661 0.34773 0.099294 0.51327 4.2912
0.081204 0.02809 0.12098 1.0389 0.16657 0.26141 0.13586 1.1406 2.8845
0.080532 0.07507 0.20572 1.4894 0.25525 0.30622 0.80214 3.9798 3.2347
0.079388 0.032262 0.10949 1.7117 0.15139 0.18292 1.4196 5.8492 0.96752
0.12119 0.059037 0.21062 2.8272 0.2505 0.12309 0.90964 8.1318 0.599
0.056535 0.019052 0.029905 2.6568 0.36089 0.077825 0.4749 11.037 1.7817
0.18426 0.066823 0.36538 4.4479 0.4958 0.1495 0.2801 14.083 1.7026
0.15598 0.051755 0.003648 4.4202 0.88374 0.071131 0.25996 9.6596 0.43829
0.089017 0.07045 0.00024065 1.743 0.15102 0.20785 0.34826 6.5505 1.5533
0.14611 0.099359 0.022705 0.91921 0.30108 0.43559 0.94412 5.6549 3.5863
0.31169 0.22726 0.15137 3.4069 0.46286 0.44352 1.9312 9.9752 7.3989
0.27244 0.15341 0.10942 5.5505 0.7374 0.60091 1.953 12.208 10.344
0.092408 0.068157 0.005508 4.9226 0.23539 0.18778 1.1797 8.3186 2.9644
0.038031 0.028737 0.016271 8.271 0.26596 0.19904 0.87159 13.437 0.44505
0.093657 0.069299 0.0025362 3.3756 0.14051 0.1444 0.44327 12.847 1.9146
0.15665 0.11586 0.0067598 2.5929 0.52671 0.35298 0.77016 3.8092 2.3733
0.066208 0.091633 0.048739 3.7587 0.16226 0.12914 0.52953 9.264 1.1301
0.031017 0.070768 0.010556 8.5817 0.25907 0.17227 0.45152 5.5935 0.39974
0.014362 0.066636 0.0050654 4.0408 0.038176 0.30919 0.15674 0.36364 1.1249
0.045509 0.025003 0.011888 3.1691 0.25517 0.18309 0.53288 6.0888 1.0078
0.022613 0.016034 0.007923 0.70486 0.045037 0.25164 0.25192 0.49585 1.9891
0.049245 0.038329 0.00061145 0.84733 0.12957 0.12464 0.28014 1.0097 2.0498
0.041524 0.032079 0.0055376 1.794 0.090053 0.1312 0.26201 2.2693 1.3749
0.20828 0.11933 0.0067307 0.65613 0.29923 0.21789 0.99314 1.5116 4.3813
0.071484 0.048194 0.0011519 3.9869 0.4823 0.11406 0.071276 10.066 1.4701
0.20982 0.063933 0.00012612 4.34 0.34439 0.081257 0.16689 8.598 1.5488
0.1377 0.051572 0.0087772 3.2425 0.50275 0.017524 0.44581 6.413 0.63631
0.079018 0.11481 0.0032051 3.4662 0.11746 0.11245 0.28654 3.1147 1.5998
0.015484 0.057769 0.0046269 4.7914 0.010305 0.1532 0.081937 3.3319 0.77385
0.057018 0.045225 0.01131 1.9084 0.87172 0.036025 1.7844 2.5151 1.0419
0.031293 0.013207 0.0071386 0.92474 0.14446 0.18791 0.8425 5.6576 0.31714
0.036914 0.033686 0.0043889 4.0243 0.39291 0.077944 0.51743 3.7711 0.12643
0.035672 0.081901 0.024451 5.3458 0.14571 0.10698 0.64421 6.7137 1.7104
0.054995 0.089981 0.014761 3.1541 0.1424 0.064872 0.45502 9.2473 1.3619
0.013891 0.02477 0.0032224 3.807 0.054853 0.15204 0.19477 6.8655 0.48427
0.028063 0.039438 0.010955 3.9069 0.064178 0.095739 0.34952 8.8273 1.1809
0.037679 0.029392 0.0026813 1.6988 0.10995 0.18056 0.46691 2.0574 2.5383
0.018757 0.021508 0.0019346 0.11189 0.07781 0.24831 0.47216 0.0046026 5.3615
0.0044398 0.014995 0.0022954 2.4654 0.049648 0.2113 0.2711 1.1781 2.3925
0.039845 0.037824 0.0024993 0.31688 0.072687 0.27208 0.42857 1.2393 3.2291
0.18397 0.24434 0.68904 0.76553 0.20273 0.2684 0.69446 3.1776 3.4543
0.045369 0.08211 0.3808 0.88883 0.74881 0.288 0.63709 5.8593 3.9617
0.022223 0.013754 0.0083273 0.55938 0.17893 0.17845 0.62417 4.2134 3.0167
0.11651 0.023898 0.22562 0.0085566 0.16148 0.22422 0.54329 4.1118 6.2005
0.059313 0.026174 0.021871 1.6818 0.12847 0.20181 0.65417 5.1129 1.5583
0.035849 0.033856 0.0048999 0.56487 0.086344 0.27226 0.43687 3.1103 2.7678
0.077873 0.095465 0.06307 1.4337 0.29602 0.2625 0.60817 4.8962 1.2896
0.03056 0.099336 0.58903 1.6099 0.44238 0.26065 0.2055 4.7561 1.7733
0.11488 0.030585 0.0031759 1.2764 0.11523 0.082373 0.86125 6.2249 1.0569
0.022187 0.032721 0.016209 2.0013 0.10857 0.23995 0.6291 5.106 2.4084
0.55967 0.091489 0.44899 1.5263 0.47981 0.02738 0.16459 4.619 2.4236
0.14497 0.13571 0.085689 1.6393 0.17624 0.20741 0.59503 6.0408 2.9089
0.022342 0.065191 0.0010757 2.6143 0.060822 0.18108 0.22467 6.2233 1.5429
0.019282 0.049081 0.017129 1.6978 0.098526 0.23117 0.23965 4.6464 2.5031
0.019896 0.0082419 0.00066306 6.5535 0.16008 0.16337 0.1497 11.66 1.6907
0.032619 0.010997 0.29213 5.3415 0.12505 0.015034 0.19585 6.1197 1.0324
0.02721 0.064183 0.0058177 10.004 0.020588 0.1716 0.16993 3.2949 0.85629
0.026243 0.024423 0.0042966 1.4738 0.050124 0.14804 0.29727 1.218 1.1754
0.030231 0.047106 0.021956 2.2174 0.26807 0.068175 1.1481 8.4482 2.3456
0.010298 0.021172 0.064446 1.535 0.3975 0.36474 0.28232 4.3509 1.5487
0.076885 0.062939 0.095594 2.1999 0.20734 0.07787 0.39327 7.3334 1.2865
0.019092 0.045726 0.042136 1.8717 0.20025 0.080393 0.30083 6.3988 1.5722
0.035397 0.020813 0.017833 4.149 0.19144 0.10817 0.59003 6.829 1.4903
0.029836 0.016392 0.017842 2.1705 0.27154 0.20772 0.85421 3.6968 1.7331
0.29897 0.092974 0.046978 0.3027 0.22448 0.44151 0.94565 1.9523 3.8906
0.019025 0.030324 0.0056617 2.8474 0.079542 0.051015 0.39231 7.2608 0.27345
0.00081188 0.011039 0.03621 3.461 0.028881 0.090785 0.21849 3.8778 0.11584
0.029584 0.055587 0.032184 2.768 0.30778 0.36083 1 5.8978 0.48193
0.050641 0.046874 0.061177 6.6171 0.27885 0.11406 0.50449 6.1251 0.542
0.10443 0.037278 1.0735 8.3226 0.10127 0.0010228 0.0028238 6.3236 0.70168
0.028299 0.020967 0.046823 3.91 0.21787 0.095898 1.7076 10.335 1.1932
0.056124 0.047357 0.062235 5.0522 0.12721 0.12891 0.74761 6.4483 2.2488
0.074226 0.042082 0.088417 10.241 0.15491 0.17936 1.3189 11.392 1.3419
0.034468 0.0016959 0.070202 11.613 0.55267 0.071676 0.36206 9.0197 1.1836
0.017713 0.023587 0.028341 7.5325 0.43419 0.1244 0.25142 4.1088 1.4137
0.033684 0.024758 0.041187 3.2538 0.5026 0.1308 0.17364 3.6201 1.783
0.036769 0.052457 0.0089624 2.7408 0.10193 0.17312 0.61091 5.3281 2.2281
0.041757 0.03619 0.047253 5.6298 0.11629 0.12499 0.44219 8.7996 1.5335
0.046293 0.015245 0.036615 8.4159 0.24877 0.16573 1.4319 13.373 0.64325
0.050677 0.022123 0.034212 8.8758 0.078163 0.07145 0.24719 11.102 0.70085
0.028065 0.020123 0.010938 4.1588 0.12799 0.2582 0.5383 4.316 3.4491
0.054065 0.023446 0.19959 7.998 0.071911 0.12701 0.16547 6.4068 2.2733
0.024947 0.039755 0.011493 5.785 0.11807 0.15647 0.37802 7.406 0.90444
0.022313 0.024852 0.015398 4.5335 0.14547 0.11633 0.73763 6.1086 1.2031
0.041048 0.021858 0.47293 8.6626 0.16895 0.23927 0.31114 9.1897 3.0563
0.048512 0.033252 0.037879 7.7594 0.36024 0.26284 0.28426 8.6755 2.2168
0.15638 0.055247 5.2287e-05 3.057 0.15091 0.39788 0.17861 4.2801 1.5539
0.036447 0.05455 0.03061 2.28 0.096448 0.23895 0.39495 5.0246 2.4925
0.060773 0.064954 0.23048 3.6421 0.0917 0.25722 0.281 9.3984 3.2247
0.046657 0.11813 0.68975 9.9961 0.16858 0.33136 0.3013 8.0322 2.5611
0.52904 0.017884 0.042544 8.1215 0.58838 0.24194 0.92798 13.424 0.93416
0.0031429 7.3054e-05 0.021246 17.105 0.060654 0.039578 0.13241 9.1065 1.291
0.04734 0.0075367 0.015716 14.635 0.067127 0.20599 0.13244 9.1139 2.0245
0.031942 0.058567 0.043854 10.745 0.1256 0.25226 0.4068 7.3252 2.5618
0.045295 0.050174 0.094045 11.257 0.15447 0.2777 2.0521 7.0185 4.512
0.047804 0.03744 0.031793 9.79 0.23882 0.14137 2.0887 11.697 2.4901
0.017957 0.024436 0.16472 4.8172 0.088941 0.80831 0.37398 4.3149 1.5481
0.01954 0.040757 0.021415 0.80683 0.11918 0.85954 1.0418 2.7821 0.91873
0.21331 0.0098676 0.039727 3.9808 0.072275 0.22073 0.39213 2.7966 1.9319
0.11523 0.010608 0.033319 1.3565 0.36909 0.54708 0.58922 1.9708 7.3891
0.070346 0.07352 0.035305 3.832 0.37281 0.58093 0.46278 2.2414 6.1221
0.1133 0.073175 2.3305 3.9534 0.40869 0.35129 0.064871 1.6295 2.551
0.037266 0.041233 0.24148 1.4574 0.23556 0.34443 1.4191 2.1903 2.6283
0.051785 0.045081 0.31918 1.5755 0.2541 0.23961 0.68101 2.745 3.3011
0.013159 0.027373 0.0022716 2.6165 0.032369 0.41365 0.25519 2.3779 2.3172
0.0075256 0.026048 0.0075395 2.8359 0.023168 0.11617 0.18213 1.7887 0.79357
0.0055987 0.014883 0.0090711 3.258 0.03071 0.08179 0.16045 2.6334 1.0203
0.037108 0.010464 0.027845 2.7613 0.10203 0.2278 0.26105 3.4851 2.7817
0.10068 0.050687 0.065844 3.0703 0.77004 0.265 0.15844 2.0625 2.1353
0.031927 0.066039 0.047054 3.7941 0.047828 0.8642 0.23343 0.63151 3.0291
0.077816 0.047695 0.060629 4.9673 0.078373 0.44788 0.12215 0.66496 2.5801
0.032506 0.054901 0.13829 6.5532 0.082892 0.4865 0.19031 1.0354 2.0614
0.027153 0.00013347 0.0085073 3.0944 0.039879 0.060556 0.39072 3.7386 0.60935
0.053435 0.0040037 0.0038937 6.0256 0.037596 0.13308 0.16079 7.5792 0.26932
0.041649 0.0024965 0.074262 5.7622 0.075146 0.10988 0.44017 6.6929 0.99331
0.030299 0.012609 0.028041 7.9153 0.08642 0.060426 0.65567 2.9177 0.75996
0.058377 0.080227 0.041971 5.5611 0.25554 0.19746 1.6872 3.6294 1.0521
0.090803 0.065025 0.05749 1.8148 0.36838 0.46807 2.098 5.0395 5.908
0.17676 0.12386 0.11614 1.9503 0.39183 1.1614 2.5439 4.8214 15.654
0.26351 0.1767 0.070123 3.963 1.1682 0.5439 1.0427 8.0369 5.2855
0.34999 0.29089 0.44663 3.8146 0.58048 0.60828 0.67944 2.4624 1.3813
0.94319 0.34034 0.46691 5.9645 0.54691 0.90784 1.8589 1.845 3.0207
0.0073959 0.086519 0.072061 6.8278 0.022685 1.8566 0.51897 2.2064 1.443
0.010108 0.0054995 0.022056 7.9065 0.069121 0.4264 0.43929 8.2768 0.90894
0.25072 0.35296 0.7663 7.9442 0.87321 1.0196 0.39581 3.0129 0.93375
0.69734 0.29065 0.34621 2.0028 0.51069 0.70721 2.0191 2.8774 2.2364
0.26731 0.072217 0.063174 5.7566 0.19809 0.34753 1.0627 4.1228 0.00035176
0.10651 0.090169 0.043379 2.856 0.44461 0.99655 1.8592 3.347 4.8395
0.1396 0.10003 0.05186 9.6792 0.10459 0.89705 0.6677 3.1935 3.3319
0.040422 0.077462 0.044341 11.762 0.23215 0.6383 1.297 0.032335 5.247
0.10406 0.050242 0.031168 11.893 0.12638 0.43405 1.4973 8.4428 2.3336
0.0094662 0.1008 0.022501 9.4981 0.01243 0.84739 0.36932 0.98574 3.0474
0.075 0.080896 0.37024 5.9656 0.15667 0.56711 1.0915 1.4097 2.6624
0.046709 0.022093 0.01869 10.887 0.11787 0.19565 0.74467 3.4946 3.9042
0.096357 0.10867 0.036769 3.6514 0.14485 0.60795 1.884 2.7783 2.959
0.0099321 0.06142 0.017849 8.7054 0.061885 0.49879 0.29287 2.7041 0.69372
0.048757 0.068328 0.23322 1.0971 0.32656 0.84971 0.70424 0.1672 3.9621
0.034901 0.091422 0.02796 3.6574 0.17784 0.5132 1.2388 1.9749 1.9297
0.022113 0.037099 0.038026 5.3779 0.1805 0.46426 0.50579 0.98084 1.6182
0.011328 0.017381 0.01677 9.9306 0.094492 0.27575 0.63933 5.6654 1.0681
0.0010389 0.48383 1.4747 9.8891 0.04939 1.7031 0.5929 1.9061 0.99094
0.06073 0.28878 0.001291 6.0839 0.25729 1.6009 0.70282 0.99502 1.076
0.0085466 0.037873 0.0051173 1.9273 0.044512 0.46676 0.46242 0.3703 2.4009
0.14546 0.067601 0.026028 2.3377 0.29241 0.42283 0.83099 0.84585 4.4525
0.22146 0.06144 0.096318 3.9307 0.54684 0.44254 0.43696 2.7055 3.2088
0.048092 0.043507 0.046315 4.2251 0.5482 0.31892 0.8151 1.5618 1.7257
0.0187 0.050817 0.0068184 18.431 0.085338 0.27261 0.37536 2.7098 0.73876
0.049455 0.034803 0.026186 18.64 0.39487 0.36053 1.2185 4.4031 0.35863
0.00054437 0.055168 0.0038651 15.154 0.022145 0.25602 0.26154 2.887 0.4189
0.047871 0.053953 0.052959 13.221 0.095632 0.23364 0.50105 3.4625 1.7756
0.02512 0.030117 0.013072 4.4465 0.28885 0.25237 0.30069 0.78682 2.1078
0.083595 0.084403 0.018825 2.4399 0.4114 0.63964 2.8606 0.0035958 8.1206
0.11041 0.11724 0.037778 5.3435 0.3984 0.68551 1.7338 3.1219 6.9588
0.13041 0.23288 0.015233 7.0054 0.15143 0.37236 1.202 8.4534 3.4223
0.06594 0.082409 0.050119 3.6703 0.44095 0.39445 1.0121 1.7612 5.9124
0.030281 0.025198 0.025215 4.1308 0.54827 0.29097 0.29594 1.3876 2.9167
