0 0 0 0 0 0 0 0 0
0 0 0 0 0 0 0 0 0
0 0 0 0 0 0 0 0 0
0 0 0 0 0 0 0 0 0
0 0 0 0 0 0 0 0 0
0 0 0 0 0 0 0 0 0
0 0 0 0 0 0 0 0 0
0 0 0 0 0 0 0 0 0
0 0 0 0 0 0 0 0 0
0.14946 0.037944 0.11515 3.6058 0.06177 0.74063 2.6447 0.27312 1.333
0.31237 1.5051 0.15338 8.1148 0.76417 0.64004 3.5657 0.3197 0.53046
0.91353 5.3076 0.092867 9.2061 1.124 0.43497 3.2344 0.00035176 0.046115
0.33633 1.3398 0.090585 10.664 1.0313 0.39395 3.1373 0.20767 0.28836
0.12453 0.19655 0.018829 6.5445 0.081759 0.73807 0.92593 0.20953 0.064394
0.44039 0.077871 0.10471 10.681 0.49586 1.3 1.0564 0.16449 5.2369
0.1442 0.018932 0.047483 14.92 0.024162 0.54998 0.96021 0.40872 3.5229
0.12894 0.11075 0.054693 2.058 0.11781 0.32515 0.7045 0.32984 0.28372
0.36279 0.22545 0.05058 2.3183 0.15365 0.31652 1.1824 0.13158 0.38523
0.14022 0.086978 0.10158 2.2747 0.75811 0.36838 1.3728 0.16411 0.29742
0.014608 0.012951 0.016741 1.3844 0.0205 0.35608 0.93809 0.092494 0.61183
0.45467 0.084879 0.013611 2.5367 0.59006 0.063075 0.48307 1.3667 1.8153
0.068245 0.014474 0.033977 4.2276 0.26617 0.15103 0.58899 0.15271 0.36606
0.10093 0.037316 0.040881 2.7649 0.18696 0.42143 1.6073 0.18786 0.82582
0.29595 0.027343 0.076461 6.0735 0.093014 0.50917 0.77056 0.37189 1.5343
0.31581 0.056036 0.057129 9.0976 0.089761 0.58619 1.8072 0.2459 3.4524
0.29763 0.15163 0.053215 11.271 0.12073 0.77224 0.88396 0.19749 4.4102
0.068224 0.032858 0.019002 11.618 0.016924 0.3683 0.36648 0.14845 4.1228
0.093034 0.30235 0.039607 3.0948 0.34824 0.21419 1.1161 0.12098 0.90734
0.043362 0.0063205 0.045361 1.7863 0.065902 0.25804 1.8895 0.069936 0.18195
0.99641 0.056137 0.076069 1.6031 0.24004 0.36743 1.5126 0.24713 1.7141
0.93311 0.10876 0.13968 8.014 0.52417 1.5922 1.8414 0.14078 2.9563
0.79749 0.17656 0.060651 15.688 0.28293 1.4935 3.6938 0.39637 1.2601
1.1127 0.045728 0.34656 17.928 1.9999 0.1788 1.4582 0.37959 0.68706
0.51823 0.0097062 0.53066 18.209 0.29843 0.73373 2.9048 0.41684 0.59111
0.04905 7.3755e-07 0.85635 14.299 0.043982 0.74726 2.761 0.49275 1.4261
9.3392e-06 0.0022079 0.4904 6.5983 0.15526 0.83287 3.9448 0.54048 0.77284
0.2417 0.020364 0.067378 1.8022 0.11593 0.58554 1.8334 0.13179 0.49405
1.8769 2.7054e-06 0.083502 2.9279 0.33086 0.48085 2.3813 0.092152 0.60087
0.35445 0.029061 0.13841 3.9889 0.45436 0.86708 2.9574 0.29465 0.38772
0.67669 0.0097314 0.37017 5.1682 1.1224 0.27611 2.4667 0.45209 0.17363
0.37897 0.018088 0.30626 11.615 0.25811 0.61764 4.125 0.96414 0.46924
0.59199 0.11589 0.12193 8.1376 0.31577 1.1906 1.3327 0.38463 2.4016
0.14771 0.034727 0.077562 12.67 0.11684 0.41933 1.1447 0.31217 2.956
0.16192 0.030457 0.09104 5.6427 0.30068 0.93884 1.3483 0.18282 1.9422
0.20614 0.0414 0.080852 7.2926 0.48126 1.0898 1.6436 0.2094 0.97461
0.20965 0.0023607 0.068575 11.42 0.045552 0.00013401 1.2934 6.2044 1.0807
0.12914 0.019958 0.097962 20.269 0.04985 0.71482 2.555 0.91039 0.97691
0.17195 0.016088 0.044548 20.039 0.10094 0.90421 1.8929 1.5101 0.43604
0.17526 0.026791 0.15143 20.519 0.041852 0.73046 2.9718 0.77648 0.4107
0.033755 0.010968 0.15972 11.434 0.026138 0.34178 1.8089 0.33345 0.93159
0.15544 0.0022585 0.12629 10.319 0.028313 0.56481 2.3921 0.38637 1.0609
0.40443 0.015274 0.37392 10.906 0.37627 1.2165 3.268 0.32916 1.6613
0.67733 0.022367 0.53248 5.1184 0.31095 0.9037 1.4403 0.085526 0.80283
0.072115 0.015191 0.21772 1.6837 0.046794 0.54292 1.5734 0.17673 0.39047
0.7462 0.03107 0.52835 7.7634 0.30793 1.0008 2.2452 0.065139 0.50972
0.49768 1.7907 39.257 0.00029498 0.044137 5.8233e-05 8.5255e-05 8.1542e-05 0.00013927
0.99479 0.29649 4.648 3.5933 0.26049 1.3578 1.0094 0.15618 1.5793
0.13243 0.040594 0.23519 6.1782 0.049747 0.34646 1.4092 0.13914 0.35541
0.31203 0.11239 0.58077 8.7213 0.75345 0.28484 1.928 0.32569 0.33521
0.18728 0.1553 0.28986 7.4121 0.29436 1.0227 2.0758 0.25198 0.34196
0.14045 0.030696 0.31249 8.3446 0.090463 1.8123 3.7102 0.23102 0.47035
0.42424 0.025309 0.20315 5.3757 0.07619 0.76949 1.7516 0.23267 0.39411
2.0569 0.13871 0.062173 6.3034 0.43966 0.89149 1.9347 0.16479 0.97517
0.088315 0.020412 0.076144 9.7933 0.027575 0.88513 2.5934 0.40208 0.21027
0.15681 0.25 0.095168 19.48 0.071266 0.73546 2.7577 0.49137 0.076355
0.1913 0.49562 0.043953 3.736 0.1181 0.74023 1.2533 0.11161 1.5702
0.19854 0.034161 0.085195 16.859 0.047345 0.64059 2.1936 0.22913 2.5413
0.39066 0.36462 0.066809 8.2195 0.18823 0.67395 1.7748 0.74571 0.76494
0.48736 0.45509 0.056678 7.1177 0.31185 0.85933 2.2012 0.28336 0.073812
0.098918 0.014073 0.037187 20.95 0.018225 0.6 0.98053 0.32247 1.0035
0.15683 0.0088778 0.078659 7.8278 0.096167 0.48352 1.5896 0.30953 0.3088
0.079389 0.043873 0.045086 14.682 3.1039e-06 0.71111 2.6194 0.42449 0.25799
0.7618 0.2261 0.071729 13.068 1.3138 0.22768 1.8379 0.29248 0.68214
0.25972 0.042036 0.042617 13.812 0.079004 0.37307 0.71486 0.29391 1.3441
0.18198 0.033724 0.0046209 27.238 0.040919 1.5333 1.6291 0.31637 1.1675e-05
0.18343 0.066675 0.05781 19.403 0.0054167 0.63365 1.74 0.33396 0.39647
0.30784 0.18531 0.062514 8.3893 0.11159 0.77943 1.0888 0.21652 1.439
0.5055 0.12546 0.076404 9.2599 0.21453 1.1086 1.4163 0.31381 0.27521
1.2379 0.31128 0.052785 3.2882 0.70817 2.2347 2.0205 0.28664 0.34668
0.2108 0.21047 0.043241 4.8673 0.15478 0.46217 1.255 0.16736 0.31523
0.67433 0.026886 0.076233 4.3071 0.20827 0.2466 1.2718 0.11027 0.364
0.9648 0.21559 0.041477 7.499 0.19197 1.6946 2.5798 0.49274 0.60031
1.3831 1.7664 0.12498 6.2766 1.3596 0.59378 2.4591 0.12908 0.24947
0.40665 0.21706 0.060526 3.4559 0.13835 0.83834 1.5427 0.58818 0.75425
0.069027 0.058089 0.056798 7.8724 0.0447 0.78065 0.85951 0.15886 2.2067
0.2024 0.03585 0.085977 8.3387 0.18716 0.3278 0.85157 0.24394 1.0594
0.036519 0.054816 0.039895 6.8767 0.024845 0.45583 1.2223 0.20053 0.83939
0.64992 0.32007 0.03875 8.0557 0.39569 2.2669 2.3188 0.46817 1.0793
10.818 1.3476 0.10201 6.6893 1.2854 0.00090653 0.0019764 3.1348e-05 1.3691
0.097572 0.027913 0.14144 13.144 0.11722 0.7512 3.1077 0.33939 0.98489
0.67115 0.58927 0.19722 10.602 0.52508 0.43429 2.758 0.30448 0.34674
0.13251 0.12973 0.058045 6.1061 0.064522 0.71271 1.7772 0.1637 0.67115
0.41417 0.032108 0.070316 4.7522 0.31425 0.73236 1.0273 0.9128 0.37949
0.13761 0.013981 0.10055 10.494 0.057805 0.61406 1.5146 0.40535 0.59908
1.5758 0.96599 0.048973 19.051 0.098185 0.88849 2.2536 0.77327 1.1466
0.82109 0.80142 0.071488 17.697 0.54672 1.0312 2.3314 0.2571 1.323
0.49878 0.29824 0.07421 13.816 0.067619 1.0194 2.7648 0.30236 0.22074
0.03852 0.043356 0.057527 22.06 0.016766 0.40145 2.1153 0.25241 0.64468
0.032811 0.028261 0.084479 7.0879 0.020821 0.26661 2.8605 0.13283 0.19585
0.14831 0.035797 0.094242 2.8028 0.25895 0.26822 2.0595 0.082573 0.22486
0.12907 0.13503 0.045857 1.992 0.1997 0.26133 1.2988 0.12082 0.60793
0.84471 0.6883 0.049072 2.9186 0.56098 0.60255 1.3935 0.078324 1.0389
0.62528 1.45 0.044007 4.4157 0.20668 1.8678 2.8175 0.50635 1.5765
0.2395 0.13724 0.065798 10.991 0.38301 1.4865 2.4606 0.38256 1.4864
0.36253 0.14016 0.056871 13.087 0.22758 1.5398 2.1122 0.23919 1.6572
0.10183 0.013336 0.048657 2.7483 0.064075 0.37414 1.0797 0.11542 0.20232
0.12289 0.037478 0.10481 4.6201 0.098165 0.66026 2.3031 0.2658 0.54196
0.68623 0.50232 0.099376 13.164 0.093863 1.1327 2.4076 0.25535 0.86017
1.0604 0.90601 0.16818 15.171 0.18586 0.90443 3.3391 0.11868 2.5896
0.31394 0.24859 0.19853 14.363 0.11298 0.58416 1.382 0.28667 2.2065
0.19883 0.44201 0.019931 11.925 0.39792 0.60047 0.9436 0.10183 1.3169
2.4478 1.2051 0.02695 8.355 0.68457 0.24621 2.3196 2.6731e-05 1.4401
0.17443 0.58992 0.051273 3.8392 0.065089 0.43087 1.321 0.09179 0.55811
0.35326 0.077512 0.083919 3.9477 0.13493 1.028 4.094 0.4196 0.7573
0.21599 0.062308 0.099717 4.3521 0.22324 0.23222 2.0095 0.10895 0.48198
0.36236 0.012732 0.06963 1.1479 0.14263 0.48255 1.525 0.11497 0.13942
0.46298 0.058632 0.1036 1.0939 0.51475 0.64702 2.5138 0.22425 0.53796
1.1542 0.62013 0.034423 0.81684 0.30317 0.73284 3.055 0.14379 0.55164
3.0948 0.57173 0.056344 0.9487 0.43393 0.94418 4.2989 2.441e-05 0.80011
0.13804 0.13092 0.027187 3.9556 0.14602 1.2611 2.2345 0.16914 1.4377
0.28046 0.043407 0.057449 3.8628 0.094838 0.78882 2.7796 0.21949 1.5296
0.94714 0.10733 0.1034 5.4012 0.26378 1.1404 3.4984 0.49926 2.2215
0.83421 0.67036 0.096712 7.4909 0.76232 1.2453 3.8032 0.25526 1.4183
6.4036 0.43913 0.087166 4.5839 1.2029 0.63688 3.8567 2.0319e-05 0.47991
0.87278 0.35568 0.12093 6.6152 0.78995 1.1175 3.9389 0.085146 0.26733
1.0841 0.51384 0.17125 10.68 1.1008 0.58343 2.581 0.38589 0.46622
5.1301 0.76223 0.218 1.2877 0.52896 0.051367 0.46049 0.00015066 0.00017617
0.07939 0.28505 0.082358 3.4352 0.049082 0.55949 1.4093 0.19711 1.1526
0.043339 0.0040832 0.13934 6.8997 0.060414 0.35101 1.2907 0.30149 0.8425
0.088743 0.10469 2.2684e-05 4.295 0.037977 0.26391 0.49775 0.20851 1.882
0.0055486 0.013863 0.010861 3.0146 0.015531 0.20724 0.25665 0.053241 1.957
0.04966 0.3851 0.039869 1.9805 0.070114 0.3223 0.98933 0.15629 0.43503
0.29649 1.2306 0.032344 0.75824 0.15179 0.83038 1.4022 0.071057 0.33923
0.055659 0.057571 0.018551 1.1836 0.10552 0.53641 1.3018 0.058454 0.56912
0.061059 0.45617 0.074658 2.1837 0.15824 0.2582 2.0891 0.22403 0.44539
0.66203 0.78478 0.14966 2.2144 0.38184 1.1385 2.9877 0.51207 1.6826
1.2031 1.5301 0.22096 6.0808 0.20248 0.93848 2.6869 1.6097 1.6484
0.5404 0.31204 0.19218 9.7428 0.37012 0.33627 1.0575 0.63072 1.344
0.13396 1.2029 0.19133 10.519 0.077848 0.48061 2.228 0.6924 1.5118
0.49772 0.93296 0.11292 5.3436 0.30174 0.36294 0.98459 0.42743 0.28613
0.028578 0.080551 0.063864 3.0375 0.028344 0.24181 1.1339 0.45784 0.46735
0.023396 0.02787 0.046629 1.5634 0.019251 0.24915 1.068 0.086048 0.09741
0.027196 0.011533 0.032655 2.074 0.022021 0.24888 1.2813 0.052427 0.24877
0.13355 0.020199 0.08829 2.1353 0.069503 0.51359 1.8081 0.35558 2.2343
0.49421 0.017332 0.25993 2.192 0.14121 0.49676 2.3656 0.3172 2.8978
0.12239 0.025298 0.14352 3.2296 0.056546 0.081116 2.594 3.413 0.66174
0.2219 0.037637 0.31581 4.9464 0.19091 0.76305 3.3278 0.92343 1.5768
0.080825 0.21125 0.29395 6.4097 0.063289 0.20566 1.7742 0.81674 0.2997
0.12711 1.2364 0.087563 1.8486 0.20488 1.2334 2.4607 1.454 0.53353
0.47329 0.17194 0.19196 1.0054 0.2375 2.0439 3.6499 2.0042 1.4004
3.2254 0.15624 0.21174 0.0024521 0.50463 0.87795 2.4327 0.30543 1.3561
0.12093 0.070942 0.16286 2.486 0.10938 1.1597 5.019 1.2382 1.4947
0.52103 2.0377 0.17072 3.9213 0.72301 1.313 4.9963 1.634 1.6017
0.9399 0.17929 0.27919 5.072 0.21365 0.44243 2.5914 0.24436 4.0155
0.61273 0.96705 0.091045 1.816 0.42812 1.2616 3.5878 0.8108 3.2739
0.52321 0.048302 0.28711 1.3814 0.20961 0.70418 2.2326 0.72597 3.7121
0.36971 0.10197 0.17887 2.807 0.1418 2.0328 2.714 0.4717 3.0883
0.14915 0.42842 0.21621 8.0626 0.10804 1.1431 3.3916 0.71151 1.5685
0.25712 0.052686 0.34478 11.93 0.12692 0.62002 3.4482 1.4985 5.2573
0.78637 0.22072 0.30971 13.786 0.7626 0.91895 2.6625 2.2448 4.803
0.014299 0.023705 0.12855 3.3392 0.12235 0.38629 1.5854 0.18289 1.8739
0.099646 0.10561 0.093763 0.24797 0.14753 1.0556 3.1808 0.25861 3.2283
0.024967 0.083453 0.020424 2.217 0.065738 0.43534 0.90558 0.091693 1.9134
0.10347 0.018278 0.048175 3.4758 0.34921 1.2532 0.31967 0.27015 4.2402
0.12209 0.048208 0.10467 1.9396 0.35809 1.8171 0.29948 0.40178 0.82609
0.10035 0.18006 0.026968 2.0341 0.059703 0.21642 0.3118 0.19247 1.0833
1.5929 0.7126 0.065549 1.765 0.26918 0.67096 1.1446 0.62624 6.5078
0.099207 0.024787 0.086927 3.281 0.064076 0.42119 1.8841 0.44997 6.1316
0.1254 0.49011 0.11211 4.442 0.16433 0.67515 2.0083 0.33693 2.5446
0.16635 0.34864 0.13058 5.1461 0.063498 0.24021 1.1765 0.33228 0.76567
0.04519 0.027682 0.16925 11.246 0.033477 0.25781 1.371 0.53296 1.2315
0.36937 0.13049 0.052159 1.3414 0.12726 0.64178 0.89148 0.30906 1.6201
0.96805 0.0072229 0.068798 4.7655 0.3205 0.66267 0.4652 0.29804 1.6832
0.14125 0.068527 0.075108 0.41513 0.17172 0.87236 1.566 0.41641 3.8148
1.398 0.56381 0.12329 0.000148 0.22799 1.2943 2.7565 5.8342 6.1767
0.44847 0.26229 0.16887 5.9809 0.2013 1.7032 1.3827 1.3863 10.821
0.064864 0.033282 0.042296 3.2182 0.050378 0.41596 0.40661 0.62606 3.1855
0.16786 0.055336 0.038291 2.884 0.06957 0.36312 0.66466 0.11408 3.1606
0.017151 0.00677 0.043416 2.8252 0.030761 0.12089 0.24894 0.55127 2.2088
0.094872 0.020441 0.0269 3.7522 0.078846 0.54598 0.36761 0.14058 5.8781
0.53817 0.39687 0.057466 2.4458 0.10547 0.70058 1.3445 0.31461 3.0141
0.11339 0.04058 0.051502 1.7283 0.11635 0.48842 1.3431 0.1995 3.0919
0.7911 0.034992 0.086657 0.77202 0.60553 1.2043 2.5894 0.068492 1.5629
1.5319 0.085458 0.12594 0.36754 0.43955 1.158 2.0018 0.40724 2.5238
0.025137 0.0039639 0.081364 3.3853 0.04612 0.2229 0.64243 0.23689 2.0082
0.0335 0.00097504 0.040001 3.1278 0.085553 0.17636 0.65154 0.10773 2.398
0.026829 0.020018 0.083151 0.78323 0.03912 0.17212 0.5411 0.032444 2.6348
0.042437 0.0059575 0.19252 1.9129 0.067023 0.19604 0.87416 0.17575 3.1678
0.010076 0.0092787 0.050173 1.9741 0.034053 0.16843 0.69077 0.046705 3.7298
0.0052411 0.020704 0.058094 2.2009 0.10011 0.50688 11.591 0.016403 2.9822
0.065385 0.015575 0.048209 1.8827 0.19399 0.38226 1.4409 0.10085 2.8445
0.05914 0.028659 0.048854 1.6681 0.10512 0.18927 0.99085 0.087404 1.9162
0.003654 0.031116 0.10296 1.9769 0.14216 0.12417 1.1652 0.22446 2.2819
0.035515 0.016475 0.13822 4.1004 0.050582 0.26215 1.0018 0.14638 3.7277
0.21392 0.057648 0.24821 2.0455 0.36572 0.57336 2.8867 0.076823 4.5326
0.15329 0.14293 0.14767 1.6878 0.52631 0.48529 2.3309 0.056299 11.646
0.22423 0.12383 0.1515 2.6778 0.46757 0.59861 3.5115 0.29386 10.66
0.52936 0.145 0.20923 2.7662 0.45684 0.24062 2.3625 0.11355 4.232
0.32196 0.26992 0.19483 2.5302 0.086056 0.36978 0.87925 0.23376 8.331
0.051891 0.090455 0.05998 5.0346 0.41641 1.2099e-05 0.63337 0.11309 10.16
0.18712 0.18231 0.13078 3.3793 0.20485 0.3171 1.3038 0.23953 4.0795
0.44904 1.4035 0.1077 1.6761 0.041462 0.5476 1.0945 0.17906 2.9286
1.9899 0.73289 0.34519 0.00048832 9.1716 0.00017989 1.6689 2.9561 2.8359
0.43397 0.26991 0.17689 1.2809 0.59546 1.5645 3.3058 0.72214 3.9371
0.37604 0.46752 0.069242 1.9409 0.66103 0.70898 3.3624 0.2881 6.1873
0.29073 0.17578 0.095239 0.91399 0.19997 0.25827 0.80296 0.18364 3.7219
0.44219 0.35825 0.11169 1.2613 0.15669 0.4387 1.4683 0.1232 3.5459
0.048378 0.96713 0.038477 3.5818 0.29531 0.1759 1.0332 0.13001 3.1915
0.14437 0.028617 0.071365 1.8294 0.2021 1.3504 2.746 0.27739 2.6354
0.061069 0.15034 0.062373 2.1062 0.1046 0.4582 1.4223 0.10634 4.1151
0.3822 0.10797 0.070455 3.3451 0.39674 0.50414 3.4341 0.11842 5.788
0.61026 0.38622 0.11259 3.5357 0.3873 1.0106 0.8999 0.146 11.193
0.084107 0.072282 0.065595 4.9826 0.20914 0.2599 3.0603e-05 0.64687 12.085
0.19314 0.15269 0.10837 7.0533 0.061449 0.07546 0.68396 0.11862 4.9923
0.2409 1.0199 0.047397 2.9295 0.56763 0.17339 1.738 0.20534 3.4239
0.070262 0.013744 0.10045 1.5977 0.071565 0.41726 1.7185 0.22469 1.8293
0.30487 0.11005 0.12711 6.0196 0.18395 0.49591 0.71681 0.5673 4.5654
0.15232 0.058048 0.10908 6.3635 0.11714 0.5745 1.292 0.48377 0.16887
1.5149 0.59392 0.12186 2.0255 0.41876 0.18119 1.7121 1.0618 5.6789
0.2887 0.069997 0.10511 1.274 0.10852 0.31114 1.4996 0.66783 2.1693
0.041084 0.064287 0.13656 2.174 0.061731 0.24428 1.6626 0.20172 2.0685
0.22515 0.18289 0.23411 5.215 0.22093 0.50361 2.6964 0.78485 1.6301
0.37371 0.046058 0.16998 4.4923 0.37306 3.351 2.3662 0.37264 12.896
0.08919 0.044542 0.017171 2.0892 0.14158 1.5996 0.18761 0.20488 3.5563
0.05464 0.03516 0.045016 1.1626 0.13405 1.2747 0.37012 0.16706 1.5817
0.018173 0.037438 0.038529 2.6244 0.077821 0.4228 0.66923 0.01452 4.1058
0.17757 0.069662 0.087712 2.2905 0.14305 0.68592 1.3291 0.19933 4.4833
0.61132 0.020247 0.081857 1.4082 0.61753 0.087252 0.40141 0.10604 4.0024
0.13985 0.022523 0.087978 2.6092 0.22138 1.1398 1.4249 0.32234 5.2092
0.18098 0.0097263 0.11249 0.44937 0.11006 0.19699 2.6463 0.79247 1.4617
0.31733 0.066712 0.15118 2.2143 0.078057 0.24096 3.4136 0.75049 3.7978
0.18865 0.10727 0.142 2.6232 0.28424 1.3843 2.6401 0.40554 10.934
1.2927 0.2728 0.071789 3.534 0.61196 0.3436 0.78833 0.26941 4.7935
0.016022 0.0090263 0.068224 4.2575 0.068989 0.26574 1.6112 0.2083 2.4914
0.013569 0.023245 0.017409 3.9378 0.025414 0.11307 0.15629 0.12986 3.3407
0.087775 0.81585 0.011186 1.5022 0.07467 0.23279 0.97814 0.070667 3.961
0.097635 0.012821 0.057825 1.0397 0.090886 0.51004 1.2994 0.078431 1.122
0.15011 0.044907 0.060943 1.7541 0.074465 0.68433 2.2824 0.1767 2.5979
0.30822 1.0454 0.060143 1.917 0.21403 0.39756 1.9326 0.30436 2.479
0.86086 1.557 0.078873 1.2544 0.1247 0.44679 1.078 0.5774 2.6838
0.89524 0.068677 0.098498 1.3668 0.39374 0.21645 1.2385 0.080466 1.3509
0.025679 0.014107 0.058247 1.9171 0.26115 1.1891 1.1466 0.15244 2.8017
0.030125 0.0057553 0.087862 2.2591 0.057116 0.21425 1.6576 0.18497 3.4227
0.045211 0.072307 0.1021 3.681 0.033346 0.12733 0.64783 0.57539 1.3017
0.012615 0.31505 0.036287 4.2827 0.094831 0.25312 0.37938 0.19119 3.2954
0.10306 0.00918 0.026414 6.1537 0.032398 0.22826 0.43412 0.18553 3.4864
1.6775 0.018588 0.074245 3.277 0.31701 0.62101 1.6737 0.30283 3.5931
0.38461 0.065472 0.10357 2.4208 0.18119 0.38661 2.0244 0.15681 3.9282
0.16435 0.011979 0.094289 4.5547 0.057948 0.26421 1.5013 0.27728 2.2808
0.092786 0.30398 0.053974 4.9255 0.14641 0.23265 0.54609 0.14316 4.7812
0.010127 1.6757e-05 0.025774 2.8459 0.028722 0.093841 0.58153 0.35927 2.3066
0.074647 0.019206 0.041198 1.2925 0.048377 0.45181 1.1327 0.25846 2.7405
0.49033 1.6309 0.13224 0.79669 0.21665 1.1104 2.6254 0.46707 4.4086
0.063644 6.1584e-06 0.12684 1.7324 0.10113 0.76886 1.4581 0.40894 3.5038
0.033534 0.12287 0.11965 2.6354 0.087939 0.24251 0.5653 0.31191 3.9433
0.038305 2.9939e-05 0.071239 1.402 0.016173 0.15813 0.63264 0.13021 2.3316
0.087529 0.21643 0.05402 2.5072 0.2888 0.084904 1.0662 0.34038 3.7294
0.52257 2.282 0.11397 2.2765 0.17516 0.28339 1.5678 0.31442 3.9097
0.070074 3.4769 0.13897 3.937 0.077319 0.2603 1.4038 0.55048 1.2741
0.09733 0.63087 0.1242 5.0549 0.059187 0.48739 1.2701 0.73972 2.3391
0.013801 5.9924e-06 0.11517 4.0897 0.021995 0.20517 1.5416 0.57258 0.49094
0.03386 0.066462 0.043073 2.8377 0.027507 0.14394 0.54569 0.22995 0.7335
0.13167 0.19636 0.058783 2.3924 0.10783 0.23641 1.0168 0.15451 3.0698
0.14026 0.11387 0.13933 3.2874 0.070355 0.37419 1.2539 0.66452 3.0307
0.051602 0.25587 0.055149 5.2132 0.38554 1.5763 0.6163 0.83391 7.4216
0.79823 0.37567 0.069556 10.989 0.0084413 0.3939 0.75093 0.26777 4.0121
0.026682 0.29758 0.076646 5.9768 0.12835 0.35368 1.1124 0.3425 3.548
0.041271 0.038335 0.044069 3.4991 0.20444 0.65178 1.2821 0.19315 6.0407
0.065433 0.016117 0.01831 5.9684 0.082884 0.72753 0.31681 0.19563 3.3514
0.084226 0.027896 0.034005 11.21 0.096009 0.34892 0.4545 0.25502 6.2314
0.15933 0.045113 0.029499 11.727 0.13049 0.6179 0.5179 0.25297 7.8077
0.16723 0.037505 0.034989 6.3216 0.15979 0.75949 0.12623 0.31707 8.7953
0.13364 0.15895 0.018881 8.1387 0.48737 0.69795 1.2041 1.2706 6.8111
0.16379 0.14405 0.041663 3.972 0.727 0.12314 2.3461 0.21582 4.3741
0.61487 3.2795 0.10358 2.0297 0.06585 0.15055 1.549 0.17984 1.0042
0.081297 0.04361 0.058129 4.256 0.29021 0.47044 1.0478 0.95602 6.2835
8.8837e-08 7.9573e-08 0.00060781 3.0928e-09 9.1066e-08 1.2432e-07 5.9833e-08 6.5911e-08 2.6859e-07
0.13321 0.022175 0.090649 10.351 0.084259 1.0099 1.064 0.34708 4.5351
0.06385 0.064173 0.064452 4.6894 0.24261 1.7674 1.219 0.57396 6.2666
2.2155 0.028253 0.12353 1.3932 0.25581 0.85129 0.90818 0.17434 4.34
0.075572 0.011788 0.1032 2.0928 0.092986 0.88624 1.6357 0.23509 2.7196
0.13615 0.19086 0.1079 4.2978 0.088739 1.0301 1.5289 0.38978 3.107
0.086703 1.341 0.043294 5.2242 0.38861 0.38138 1.2898 0.29689 5.689
0.089885 0.036686 0.045646 5.2317 0.31143 0.65146 1.6232 0.33187 3.4664
0.089519 0.033826 0.099602 2.1671 0.31991 1.295 2.8773 0.28961 5.9211
0.046818 0.26492 0.072143 3.3585 0.16319 2.6221 2.4969 0.32009 8.3216
0.053565 6.6861e-06 0.10153 4.4259 0.075746 0.33437 1.2421 0.6374 10.617
0.065222 0.010126 0.1443 5.3177 0.13545 0.34923 1.5374 0.27506 9.5272
0.043089 0.5409 0.073543 6.7501 0.1425 0.38858 1.0601 0.3442 2.7698
0.043553 0.053276 0.097363 5.4675 0.096194 0.62858 1.3023 0.23923 5.7509
0.08713 0.021932 0.057179 5.4989 0.04989 0.45018 0.88768 1.1601 5.5567
0.088108 0.052612 0.12401 7.873 0.10818 0.53758 1.8383 0.31818 5.6698
0.041112 0.16887 0.075315 9.9941 0.20209 0.47297 2.1275 0.42288 4.4832
0.16415 0.020146 0.058447 17.62 0.52932 1.3591 1.2005 1.4907 6.9994
0.16373 0.39945 0.063797 8.5334 0.14322 0.33705 1.4421 0.15074 3.4505
0.048716 1.1381 0.08025 9.0845 2.4873e-05 0.30054 1.3213 0.4072 0.36225
0.016462 0.14877 0.10792 9.3424 0.024225 0.24768 1.7814 0.40537 0.2172
0.065847 0.091449 0.17297 5.9009 0.1199 0.34745 2.4957 0.57236 0.5723
0.12736 0.079895 0.25181 7.3849 0.29078 0.15263 3.1437 0.57069 0.93405
0.21022 0.037001 0.23471 6.229 0.32595 0.26416 3.3469 0.56972 0.54846
0.042186 0.084379 0.033828 7.7244 0.19612 0.77282 0.33182 0.20379 6.8328
0.037818 0.012149 0.044609 5.1475 0.021459 0.35795 0.33395 0.10111 2.7874
0.092574 0.011214 0.034254 2.4248 0.10167 0.31751 0.91935 0.27111 2.3077
0.047705 2.1777e-05 0.047094 5.0679 0.040077 0.36799 1.2811 1.1462 2.8767
0.045902 0.26836 0.094596 5.7213 0.12318 0.4111 1.3718 0.47143 1.6484
0.084823 0.03861 0.080679 1.6804 0.17164 0.70208 2.4029 0.25217 0.25083
0.11857 0.21592 0.10881 0.90265 0.046969 1.6133 2.1507 0.99295 1.5284
0.050456 0.0025895 0.13689 7.6787 0.042866 0.33404 0.7322 0.29393 2.569
0.013231 0.13828 0.047236 3.1203 0.072823 0.20863 0.49752 0.13093 1.5039
0.20365 0.26007 0.0333 6.2696 0.18695 0.81346 2.9344 0.69268 3.0843
0.34329 0.19541 0.08565 6.4694 0.1215 0.43175 1.9019 0.87811 1.6411
0.050704 0.0042182 0.15167 7.8231 0.056039 0.56793 1.0122 0.27852 4.6792
0.54527 0.30461 0.057328 2.1793 0.12905 1.3657 2.005 1.8132 1.6814
0.11221 0.014896 0.11551 7.3644 0.069746 0.93162 1.7446 0.56161 2.3348
0.25974 0.38275 0.16354 7.6599 0.18127 0.49028 2.4145 0.4367 1.9083
0.07517 0.16328 0.16599 5.4375 0.045289 0.52431 1.0947 0.38767 0.69933
0.097783 0.27301 0.15595 3.1362 0.13982 0.60596 1.7108 0.27375 0.40069
0.11827 0.30603 0.20616 6.0855 0.056419 0.44003 0.99122 0.67609 0.31556
0.036778 0.035387 0.040648 1.0461 0.020194 0.33445 0.87357 0.070183 0.26378
0.045581 0.0086166 0.09996 2.9956 0.062994 0.75211 1.8531 0.31343 0.41512
0.035965 0.0041963 0.13787 8.8908 0.011199 0.36565 1.1977 0.30572 0.39869
0.030574 0.028556 0.13123 5.9088 0.43404 0.7355 1.1718 0.30044 0.78339
0.039319 0.0080776 0.029458 3.4142 0.026672 0.4552 0.84655 0.080068 0.45197
0.070691 0.019891 3.6559e-05 0.69833 0.13693 0.36324 1.495 8.7897 0.00038526
0.12454 0.19277 0.0787 3.7655 0.074974 0.39855 1.9357 0.81572 0.68798
0.13433 0.14032 0.097676 5.5028 0.22204 0.5897 1.1902 0.46459 1.4225
0.27289 0.0080098 0.035792 3.1684 0.2067 1.2276 0.42739 0.25128 3.2281
0.096168 0.048267 0.01866 2.2037 0.56168 0.80532 2.075 0.16745 3.6792
0.18935 0.04986 0.10126 2.2058 0.11531 0.6665 1.3859 0.44981 1.0656
0.14699 0.12229 0.075538 3.4412 0.084782 1.0153 1.6458 0.47594 1.25
0.12122 0.041721 0.048971 2.6156 0.055248 0.79502 0.99458 0.34372 1.7638
0.066413 0.004814 0.048828 7.696 0.086045 0.31406 1.1242 0.41458 2.4098
0.21568 0.74236 0.17905 9.5328 0.41975 0.35999 3.6727 0.71981 0.63881
0.10591 0.18378 0.11502 7.3707 0.27952 1.0932 1.2531 0.49378 3.12
0.13305 0.050832 0.10073 7.2607 0.085748 0.34984 0.87481 0.76018 0.89194
0.087708 0.043921 0.0555 2.9413 0.093333 0.81778 1.7493 0.1257 2.4414
0.047594 0.29262 0.073023 7.2294 0.091005 0.4094 1.4428 0.39263 2.9915
0.25687 0.36841 0.070708 3.7043 0.062628 0.40922 1.2738 0.29229 1.5397
0.07724 0.033951 0.081989 9.1787 0.063048 0.61766 2.5297 0.78417 3.1306
0.38272 0.10607 0.11358 11.205 0.70861 0.40094 2.4218 0.47334 0.72469
0.14877 0.10441 0.104 7.7418 0.48498 0.37126 2.8703 0.59195 0.076673
0.22676 2.214e-05 0.098247 12.699 0.3044 0.26174 1.5875 0.43812 0.15083
0.31923 1.9366 0.10976 10.234 0.41432 0.44607 2.8986 0.32516 0.15726
0.19037 0.19588 0.19361 10.007 0.48785 0.52791 3.2567 0.38202 0.3448
0.16431 0.023933 0.15671 4.1321 0.21431 0.58531 0.63495 1.2392 2.046
0.05244 0.015142 0.043627 8.6851 0.27389 1.1178 0.80624 0.10724 2.9511
0.17217 0.078887 0.020983 12.765 0.031615 1.0964 0.93646 0.30703 4.5939
0.061912 0.025515 0.098918 15.418 0.025381 0.55695 1.9942 0.35318 0.83547
0.074518 0.015838 0.44618 12.676 0.097781 0.554 1.686 0.33444 1.1567
0.069249 0.036843 0.11133 7.2618 0.050988 0.25959 1.4372 0.25839 0.98072
0.052045 0.24474 0.14657 4.8101 0.050017 0.18579 0.74673 0.20117 0.97356
0.15787 0.09196 0.046223 2.7617 0.2535 0.58754 1.282 0.15593 0.54174
0.109 0.096944 0.04412 4.0534 0.028498 0.57494 1.0566 0.1365 0.22115
0.024657 0.014061 0.021935 1.6352 0.0088947 0.34138 1.1244 0.082776 0.12715
0.042055 0.013444 0.042393 1.786 0.064485 0.41763 1.3117 0.13764 0.25387
0.11891 0.029349 0.078056 3.2 0.15817 1.0756 2.0344 0.164 0.45254
0.13315 0.69765 0.34619 4.342 0.065885 0.82749 2.063 0.24553 1.0228
0.12872 0.11284 0.20958 7.7287 0.029281 0.41855 1.6931 0.29472 0.52402
0.067135 0.075317 0.48114 14.194 0.045017 0.31383 1.7989 0.41824 0.64582
0.065707 0.021908 0.18761 16.745 0.0010121 0.39572 2.1561 0.33809 0.62915
0.099983 0.046595 0.12964 20.714 0.094145 0.504 2.8513 0.41696 0.51169
0.25991 0.59124 0.19185 25.683 0.036547 0.7422 3.586 0.5271 0.73169
0.067709 0.026588 0.090177 22.501 0.0099948 0.6259 3.5711 0.43804 0.28277
0.070095 0.051729 0.07739 11.984 0.018194 0.58646 1.7955 0.34562 0.23409
0.10668 0.24998 0.13546 6.3343 0.078346 0.95554 2.2668 0.29005 0.061709
0.33718 0.37221 0.077106 7.647 0.45528 0.5672 1.0536 0.21133 0.61031
0.28735 0.45674 0.17348 5.9489 1.7503 0.84744 2.104 0.18135 0.54997
0.096939 0.030338 0.072763 5.4359 0.22674 2.2966 1.6241 0.47032 0.91487
0.052373 0.15524 0.14559 9.2461 0.041703 0.56259 1.7962 0.2858 1.0448
5.5092e-05 0.020943 0.41666 2.7663 0.19077 4.8682 4.7266 0.21266 0.62368
0.024173 0.13565 0.67862 3.1982 1.7037e-05 9.2563 8.7531 0.30153 0.68044
0.058484 0.12889 0.74901 12.554 0.52864 5.3328 5.9597 0.21269 3.0427e-05
4.1872e-05 1.9572 36.062 14.559 0.14686 3.2778 9.9301e-05 0.20949 3.5123
0.35066 2.1972 33.293 25.074 0.002063 6.3 3.3412 0.19613 4.4807
0.13986 0.041167 0.56143 13.68 0.021034 1.5819 1.9777 0.2452 0.25902
0.11274 0.077436 0.76803 8.7785 0.038389 0.68204 3.7128 0.13107 0.57842
0.17675 0.042375 0.63111 19.238 0.11231 1.2245 3.3187 0.56141 0.67496
0.37458 0.015434 0.2105 20.213 0.15447 1.0267 3.8024 0.24112 0.0011223
0.14495 0.017673 0.07238 12.991 0.055748 0.73977 1.009 0.33109 3.5463
0.17736 0.002058 0.074177 16.629 0.048284 1.1922 1.0266 0.45952 1.6658
0.23199 0.057668 0.041696 14.997 0.18772 0.76059 1.4443 0.33703 0.79544
0.19535 0.0044742 0.13381 19.879 0.12956 1.1293 1.6445 0.4174 0.5676
0.21722 0.039876 0.070811 24.501 0.16169 1.562 2.6855 0.44958 0.0015365
0.18517 0.028745 0.033055 33.344 0.063981 2.1253 1.966 0.42072 0.46004
0.45032 0.054624 0.061373 20.104 0.058503 0.65899 1.9766 0.20029 1.4781
0.26475 0.15436 0.023639 2.9324 0.11638 1.1482 1.2097 0.12911 0.36847
0.54604 0.093302 0.045132 5.8712 0.16505 2.5159 1.4566 0.10208 0.59297
0.48492 0.029098 0.085119 6.8824 0.029152 1.6095 1.2533 0.21472 0.3827
0.20512 0.054013 0.11023 6.6385 0.21064 2.0607 1.758 0.27656 0.34977
0.4161 0.82983 0.024715 5.4325 0.22123 3.6221 2.5919 0.1478 0.31237
0.066908 0.011323 0.05324 7.2339 0.25578 1.1303 1.6824 0.092882 0.61854
0.32483 0.020949 0.042226 7.3591 0.26938 2.0984 1.6119 0.26285 0.7125
0.19245 0.38364 0.019702 16.823 0.067355 0.91735 1.9159 0.60604 1.1194
0.11051 0.64862 0.010457 13.312 0.05471 1.1161 1.255 0.25895 0.28731
0.082777 0.51226 0.091823 13.369 0.024907 0.6508 1.5635 0.27416 0.15354
0.071464 0.18101 0.11293 9.8815 0.043359 0.55605 1.2252 0.28386 0.11158
0.11384 0.19779 0.10897 3.023 0.39629 1.8137 2.0162 0.17962 0.25602
0.34907 0.40851 0.022852 2.356 0.82855 3.7768 1.4332 0.16943 0.63902
0.043472 0.051319 0.16478 7.6892 0.074315 2.0323 3.8112 0.35605 0.71577
0.064085 0.017974 0.12429 16.245 0.019168 2.0673 2.8213 0.27169 0.67902
0.10894 0.046686 0.084801 24.587 0.0082646 0.89377 2.1877 0.39814 0.83172
0.28753 0.51779 0.018257 23.725 0.1012 1.0456 2.9916 0.67973 0.55746
0.076509 0.059306 0.053146 11.23 0.082921 0.70993 1.2096 0.16293 1.1817
0.077565 0.021833 0.034214 5.5109 0.051096 0.37384 0.99337 0.18944 0.41153
0.11941 0.0080797 0.029492 8.2861 0.06159 1.0734 1.2139 0.24138 0.54377
0.044822 0.025768 0.00356 18.267 0.033346 1.9612 1.7968 0.24804 0.33534
0.21853 0.6182 0.06821 25.167 0.004423 0.95156 2.5255 0.36552 1.3551
0.18645 0.045509 0.074997 12.692 0.056058 0.42828 1.2582 0.3899 0.53988
0.085059 0.082013 0.082685 9.3467 0.018692 0.29486 1.7869 0.39201 0.56261
0.18903 0.24149 0.030422 2.4908 0.17431 0.4477 0.77477 0.24127 0.38839
0.26992 0.1176 0.033997 4.0588 0.064724 0.60077 0.56561 0.13626 1.2611
0.074414 0.35544 0.050212 6.862 0.045507 0.47739 1.027 0.30502 1.34
0.11393 0.67924 0.043324 4.0698 0.022219 0.25467 1.3708 1.3139 0.11475
0.098717 0.82026 0.067928 6.4596 0.021668 0.28179 1.0898 0.22697 0.19844
0.15767 0.080146 0.15946 9.2996 0.22092 1.1855 1.1289 0.42749 1.0759
0.091009 0.044214 0.062604 8.1741 0.016703 0.4558 1.2188 1.8916 1.0421
0.23795 0.44668 0.089473 7.3796 0.068614 0.38553 2.0726 1.9482 0.24402
0.25321 0.38361 0.060849 8.2495 0.16324 1.1917 1.9025 1.4373 0.64584
0.062023 0.084997 0.04996 3.714 0.15524 0.69762 1.0565 0.20268 1.0409
0.12435 0.0097761 0.076332 8.3992 0.11781 0.82813 2.1526 0.21099 0.10873
0.0656 0.036544 0.12722 8.633 0.24542 1.295 2.3233 0.23108 0.10791
0.11261 0.044764 0.096398 12.264 0.32713 2.136 1.9459 0.33017 1.4386
0.17209 0.023883 0.050581 19.339 0.41327 2.3816 1.9188 0.31823 1.1387
0.098878 0.042788 0.098341 14.51 0.22114 1.2771 1.9888 0.36116 1.3452
0.13151 0.091472 7.726e-07 23.767 0.030941 0.95211 1.848 0.3607 1.1955
0.11415 0.032671 0.044192 30.186 0.023697 0.90498 1.6594 0.50137 0.62058
0.092274 0.02962 0.088384 27.851 0.42996 0.71024 3.9244 0.41396 0.98567
0.16792 0.26494 0.0751 13.61 0.36695 0.20717 1.4977 0.22356 0.30727
0.19512 0.48021 0.072428 8.3038 0.23992 0.37341 2.5113 0.2028 0.42856
0.13722 0.031824 0.053517 4.2219 0.038983 0.723 2.8907 0.21988 0.16485
0.078918 0.084416 0.019953 6.3533 0.096577 1.7984 3.5302 0.21406 0.70326
0.5404 0.11684 0.080124 12.129 0.12011 1.8674 6.4777 1.065 0.5472
0.22882 0.072611 0.071547 17.453 0.061946 1.1051 4.443 0.49925 0.8211
6.8718e-05 0.00010404 0.12317 20.261 4.6649 0.10305 4.1289 0.41105 0.95925
0.6628 0.41652 5.5036e-06 23.294 0.71069 4.8381 5.1197 0.38064 0.49423
0.10358 0.24719 0.05377 22.004 0.26058 2.1009 5.1467 0.64194 1.052
0.21375 0.08642 0.037725 3.6256 0.10226 1.0784 2.5236 0.1839 0.33991
0.28839 0.020798 0.060844 4.9494 0.1461 1.7916 3.0073 0.24804 0.56249
0.069157 0.062835 0.092487 11.494 0.18565 2.6126 7.5709 0.38136 0.66283
0.17866 0.3525 0.28029 12.081 0.19588 1.2835 3.6726 0.40757 2.0047
0.1369 0.020505 0.076194 15.056 0.25128 0.99603 0.97593 0.2441 5.8624
0.16772 0.04128 0.045088 14.093 0.22943 2.4093 1.732 0.43987 4.2688
0.33505 0.27338 0.039308 11.227 0.17552 1.4387 0.96198 0.41836 8.1828
0.052891 0.021515 0.064245 9.0546 8.4243e-07 0.32074 1.2256 0.17876 1.8528
0.02141 0.27547 0.15556 3.1118 0.097545 1.0302 1.9149 0.32677 0.24494
0.15523 0.26767 0.023136 2.2945 0.45169 0.258 0.8147 0.15671 0.43198
0.53424 0.33902 0.094451 2.8927 0.50814 0.97605 2.7348 0.15763 0.84891
0.55914 0.33806 0.077006 0.87878 0.13702 0.79151 2.8985 0.064662 0.19566
0.43039 0.29856 0.073764 2.3691 0.20469 1.9101 4.3741 0.41761 0.61144
0.11025 0.067845 0.072519 1.7125 0.30328 1.8043 4.6596 0.15271 0.35465
0.3181 0.070876 0.077321 5.2098 0.18916 2.0367 7.453 0.23397 0.90404
0.18127 0.06575 0.0046139 14.691 0.31236 3.9618 4.3549 0.39337 3.8366
0.098368 0.035664 0.053795 20.613 0.21976 1.0979 2.9258 0.41786 4.1358
0.19244 0.055817 0.080001 24.502 0.10467 1.503 3.6664 0.50292 5.1128
0.14819 0.0094815 0.096072 14.12 0.13491 0.35574 4.1325 0.53344 1.0933
0.53899 0.28843 0.11786 13.026 1.0696 0.070012 5.1886 0.23524 1.3654
0.42469 0.17104 0.10722 14.918 0.69689 0.30017 3.2031 0.61937 0.36044
0.25373 0.3588 0.10222 6.5572 0.57398 1.6455 3.8592 0.34035 1.2184
0.095941 0.50263 0.087398 5.8856 0.26957 0.72492 1.4338 0.28201 1.4222
0.031593 0.16459 0.066518 4.442 0.016263 0.3644 0.81135 0.18512 0.61267
0.10236 0.029924 0.13479 1.8796 0.28088 1.5337 3.0916 0.22526 0.81115
0.044823 0.26639 0.11131 3.3728 0.038251 0.2615 1.7353 0.14971 1.0994
0.16981 0.044326 0.05516 1.8107 0.37459 1.5718 2.9892 0.47184 0.73922
0.35865 0.17505 0.10359 3.0902 0.13498 0.95984 3.7183 0.74302 1.4618
0.55956 0.40339 0.10295 4.2235 0.1057 1.4932 4.1875 0.54175 1.9803
0.13817 0.049009 0.049719 6.3856 0.12113 2.2138 2.297 0.49738 3.6969
0.10002 0.079323 0.035702 9.6526 0.087532 0.91195 1.6129 0.4403 5.1625
0.13626 0.15602 0.061049 5.5307 0.050579 0.13054 1.4279 0.038544 2.4919
0.071475 0.023905 0.084189 1.3693 0.17269 0.62919 1.7906 0.12555 0.25106
0.13744 0.025746 0.11093 1.2031 0.15822 1.2823 4.1496 0.42459 2.44
0.6392 1.4372 0.16765 2.44 0.13112 1.3547 2.9382 0.21222 1.3642
0.036681 0.0045168 0.046296 2.6167 0.074535 0.085343 4.7669 0.11861 1.9923
0.038378 0.039673 0.040813 2.6989 0.11335 0.59705 2.6877 0.13389 1.8477
0.076795 1.0124 0.17937 4.5714 0.040801 0.47461 2.7254 0.54303 2.456
0.35086 0.10215 0.087451 2.8961 0.12096 0.41744 1.1828 0.24014 2.1327
0.39359 0.12954 0.12023 2.3691 0.30797 0.87178 2.2175 1.5422 6.223
0.17234 0.19223 0.067333 4.0213 0.2177 2.1877 4.5107 0.51186 5.5512
0.18971 0.15001 0.060486 8.8907 0.65547 3.6049 2.8619 0.43605 11.094
0.12098 0.089054 0.055869 3.6337 0.34141 1.4694 1.4404 0.15353 9.0968
0.087303 0.012321 0.03783 4.8791 0.15803 1.0581 1.2992 3.391 9.4254
0.096022 0.040488 0.028089 7.2115 0.11277 1.4141 0.54927 0.36827 6.2247
0.085295 0.026855 0.12728 4.7853 0.044826 0.17932 0.42329 0.19735 3.5344
0.054809 0.0077482 0.069507 7.03 0.10643 0.31256 0.1921 0.36053 5.1067
0.068799 0.024031 0.025289 8.0937 0.090015 0.7822 0.46599 0.1747 7.9521
0.056496 0.12215 0.0088229 4.9644 0.060182 1.4457 0.52816 0.13718 3.4122
0.1375 0.25425 0.048045 4.2042 0.58607 0.65764 0.81182 1.2929 7.2914
0.029333 0.074928 0.025558 4.6102 0.32845 0.34028 1.2186 0.085432 6.5454
0.022748 0.036148 0.049342 1.9889 0.13887 0.46213 1.5965 0.0035737 5.605
0.03491 0.010465 0.072491 2.3328 0.064947 0.32205 0.92047 0.16942 4.455
0.067993 0.075437 0.011892 4.1018 0.17594 0.73891 0.79472 0.14268 1.2121
0.088867 0.072268 0.047758 5.7787 0.20043 0.41136 1.4156 0.14311 6.8579
0.81828 1.2219 0.06831 2.6902 0.31349 0.23109 2.0148 0.077314 1.8627
0.15516 0.068211 0.091126 2.7213 0.039551 0.087909 2.0298 0.25505 0.46509
0.037703 0.013667 0.07819 7.802 0.0013125 0.20272 0.6644 0.33568 0.26412
0.043547 0.063961 0.066665 3.5416 0.098646 0.33319 0.84909 0.37837 1.0714
0.026625 0.023711 0.068755 3.3938 0.09066 0.41707 1.0604 0.18419 3.0388
0.3229 0.21778 0.066719 3.2681 0.63638 0.41297 4.324 0.27907 5.083
0.69477 0.20125 0.14135 1.1368 1.5339 0.12251 2.2888 0.20567 1.4523
0.35346 0.067576 0.11098 2.059 0.15732 0.24091 1.9438 0.15183 2.1745
0.0058437 0.013858 0.042828 8.3747 0.13388 0.4044 0.51217 0.12709 10.229
0.050748 0.11247 0.030739 2.1954 0.13518 0.82939 1.3681 0.12482 9.4174
0.17695 0.038484 0.12332 3.6519 0.24062 1.0572 1.9484 0.27501 12.137
0.035238 0.15595 0.089279 3.4695 0.13975 0.20883 1.2463 0.27391 6.3038
0.4203 0.30385 0.082683 1.0223 0.364 0.48822 4.148 0.53363 7.3497
0.29067 0.51525 0.10434 0.5386 0.2351 1.3465 6.161 0.50791 1.9455
0.16262 0.20172 0.085573 2.6258 0.41229 0.53697 3.3602 0.067867 4.3219
0.10264 0.079265 0.033911 2.662 0.43403 0.54587 4.0609 0.11043 4.5605
0.10966 0.065476 0.13146 3.5524 0.207 0.83774 4.1313 0.17802 6.3228
0.23009 0.065981 0.30635 1.7597 0.35069 1.1441 2.8618 0.36413 7.1522
0.098009 0.0040316 0.11649 3.2834 0.35854 0.93874 1.7879 0.15146 2.3213
0.085019 0.031866 0.033434 2.3579 0.1773 1.0126 0.95031 0.32922 8.6147
0.117 0.18459 0.058913 1.8155 0.83262 0.56526 5.5087 0.79902 15.171
1.0012 0.13098 0.16319 3.2525 0.2714 0.36963 2.4395 2.6231 9.4388
0.14717 0.2047 0.099541 1.2757 0.15006 0.18191 1.5647 0.51039 1.1754
0.0019138 0.025123 0.13062 1.7604 0.18036 2.0661e-05 3.8299 0.1463 0.58812
0.18929 0.17709 0.05281 1.2182 0.13734 0.076728 2.5601 0.13696 1.207
0.17323 0.29844 0.10165 1.3326 0.20677 0.83719 2.8188 0.40254 3.6582
0.15738 0.15814 0.030366 0.92931 0.12199 1.5357 0.97091 1.409 5.1484
0.25083 0.30219 0.0754 1.7412 0.20872 0.93081 0.49383 1.7726 8.89
0.080178 0.044084 0.059826 2.1172 0.30229 0.47279 1.3298 0.13402 12.115
0.39431 0.52559 0.13476 3.735 0.41327 0.24935 1.2094 0.57988 14.656
0.33568 0.0032454 0.10147 3.6038 0.7327 0.23089 0.25006 0.96062 10.765
0.1803 0.0011002 0.11693 1.4305 0.12865 0.35027 1.3052 0.2483 7.3937
0.31209 0.036509 0.1544 0.66841 0.24979 0.9707 3.2624 0.25595 6.3279
0.69872 0.22419 0.28083 2.5276 0.38351 1.9251 5.8521 1.6476 10.502
0.5894 0.1606 0.22698 4.888 0.61336 1.8996 8.1313 1.6847 12.947
0.1767 0.0020624 0.076524 3.7897 0.20121 1.1388 2.2772 2.9345 8.9917
0.052322 0.024505 0.072509 7.5906 0.2239 1.0518 0.3698 0.25575 13.031
0.18553 0.0064388 0.13236 3.1234 0.12362 0.45302 1.4622 0.058905 12.312
0.36146 0.011695 0.16451 2.273 0.43589 0.82373 2.1622 0.43391 4.1194
0.11934 0.072801 0.13943 3.1281 0.13915 0.58846 0.71561 0.38069 10.727
0.074268 0.015329 0.099286 7.9617 0.21833 0.55487 0.34508 0.57803 5.9393
0.047044 0.0076542 0.087846 4.1549 0.033227 0.20634 1.098 0.28181 0.22739
0.089163 0.016584 0.048503 2.898 0.21129 0.5891 0.90048 0.58423 5.4671
0.047426 0.012951 0.03028 0.84218 0.037346 0.24635 1.8523 0.12671 0.38978
0.11003 0.0010178 0.054343 0.89261 0.10752 0.25883 1.7255 0.1383 0.99215
0.086791 0.0097143 0.044379 1.6593 0.076093 0.26479 1.1905 0.071019 3.3574
0.47871 0.015183 0.14573 0.27815 0.24717 1.0034 3.6439 0.08629 3.516
0.14019 0.0036744 0.10316 3.5429 0.40497 0.034438 1.0466 0.24005 11.336
0.48467 0.00035147 0.11418 3.8082 0.29105 0.12929 1.0753 0.32451 9.4587
0.29026 2.2167e-06 0.041229 1.7046 0.42472 0.17392 0.42232 5.0226 6.6761
0.19096 0.0073308 0.14905 3.3582 0.098909 0.29567 1.2673 0.26245 2.7885
0.042209 0.0056227 0.080135 4.7171 0.012424 0.077257 0.65531 0.84081 2.4656
0.10124 0.018285 0.043237 1.1821 0.71675 1.9958 1.1199 0.047334 3.0984
0.049091 0.011619 0.028941 0.61616 0.11757 0.98169 0.41076 0.055241 5.0582
0.078167 0.0070112 0.047375 3.6956 0.32285 0.61674 0.20321 0.092779 4.0805
0.056209 0.037962 0.10875 4.8008 0.12446 0.70148 1.3183 0.17563 8.5435
0.08999 0.022631 0.13231 2.539 0.12349 0.46274 0.87871 0.51083 10.512
0.017677 0.0061395 0.054161 3.641 0.050206 0.23992 0.36994 0.13829 7.0888
0.037755 0.01722 0.072701 3.6099 0.057968 0.37519 0.85803 0.19173 8.9806
0.079581 0.0047925 0.044581 1.6983 0.091436 0.47009 2.183 0.1379 2.2024
0.027242 0.0025016 0.038099 0.44324 0.065424 0.39201 4.4102 0.056436 0.53783
0.0075324 0.0031311 0.026038 2.5936 0.042236 0.26601 2.067 0.17871 1.2208
0.080572 0.01109 0.061564 0.43221 0.060945 0.39893 2.8443 0.16098 1.3659
0.42861 0.99914 0.30861 0.41201 0.15991 0.68756 2.9846 0.2591 3.4336
0.07157 0.55356 0.13095 0.55706 0.61523 0.59779 3.335 0.66266 6.3768
0.016728 0.012924 0.03194 0.39233 0.14969 0.6161 2.5167 0.11418 5.2434
0.24088 0.32975 0.051865 0.0093498 0.13291 0.41447 5.0282 0.061905 5.3296
0.10727 0.032956 0.049056 1.3578 0.10448 0.70977 1.3693 0.24888 5.6502
0.061798 0.0086745 0.059772 0.59075 0.072919 0.42392 2.4853 0.053267 3.475
0.15362 0.094397 0.13706 1.0142 0.24542 0.67042 1.229 0.14843 6.3987
0.049753 0.84391 0.1436 1.3454 0.35988 0.16686 1.6744 0.87231 4.0911
0.24901 0.0069827 0.046269 0.78279 0.095394 0.94441 0.89121 0.11214 6.4454
0.023304 0.024758 0.054682 1.8257 0.091298 0.66551 2.1113 0.13312 5.7084
1.3635 0.65224 0.14293 0.97944 0.39272 0.051058 1.8276 0.31843 4.127
0.31808 0.1301 0.19101 1.3036 0.14704 0.58529 2.3538 0.28247 6.7493
0.02924 0.0023005 0.10483 2.4585 0.05425 0.22747 1.2052 0.33041 6.3296
0.01977 0.026099 0.080669 1.6743 0.083554 0.20188 2.1778 0.18632 5.1145
0.018578 0.00018351 0.056159 6.4534 0.13932 0.15494 1.3224 0.14194 11.008
0.063792 0.4231 0.021615 4.8871 0.10491 0.21624 0.72232 0.13402 7.2849
0.088549 0.0079059 0.083042 10.009 0.021729 0.2534 0.70505 0.27033 3.3488
0.058986 0.007942 0.033946 1.419 0.041622 0.32361 1.0852 0.092161 1.2624
0.0072052 0.034113 0.063747 1.3634 0.22312 1.2174 1.7651 0.18796 11.39
1.1499e-05 0.093037 0.05747 1.5085 0.32843 0.31512 1.5066 0.16808 4.459
0.15371 0.1404 0.098624 1.8157 0.17281 0.40717 0.97981 0.20286 7.6992
0.0108 0.062078 0.075649 1.5601 0.16868 0.28696 1.2322 0.16022 7.4258
0.063204 0.027177 0.043202 3.9315 0.15949 0.64792 1.2537 0.12163 6.4123
0.047353 0.026134 0.025919 1.9366 0.22154 0.94263 1.6533 0.13914 3.8462
0.70319 0.072456 0.12942 0.11198 0.18473 0.93961 3.5266 0.68894 1.702
0.01732 0.0098755 0.054263 2.445 0.06928 0.45202 0.13517 0.083581 7.9402
6.0566e-05 0.0528 0.022979 3.2986 0.025856 0.27927 0.096603 0.14208 3.8626
0.046036 0.048141 0.088871 2.467 0.2516 1.1896 0.67944 0.26636 5.0236
0.11341 0.089314 0.069179 6.2089 0.23296 0.5953 0.45898 0.33597 6.4696
0.26269 1.5483 0.055074 7.5362 0.076144 0.014794 0.48397 0.63112 5.8213
0.0086646 0.069347 0.031955 2.8402 0.17998 1.9223 0.94967 0.34042 11.364
0.11932 0.089638 0.065465 4.6949 0.10724 0.79477 1.6901 0.83967 5.6442
0.14839 0.13019 0.0611 9.2744 0.13255 1.5271 1.0729 0.35648 12.567
0.071377 0.099783 0.026297 11.062 0.46107 0.4378 0.83319 0.30202 9.9802
0.026039 0.041146 0.036358 7.0609 0.36265 0.29483 1.106 0.13791 7.1288
0.062107 0.059001 0.051712 3.0903 0.41718 0.15848 1.4726 0.18417 4.4309
0.066236 0.014372 0.076971 2.5805 0.085332 0.64612 1.8344 0.29052 4.9086
0.076501 0.069478 0.06781 5.3015 0.1005 0.4858 1.1608 0.25801 8.873
0.071495 0.051879 0.039787 7.4844 0.20942 1.6373 0.52411 1.0208 12.566
0.097669 0.049577 0.053472 8.0546 0.074073 0.29615 0.30413 0.42278 12.626
0.04925 0.016602 0.039966 4.0746 0.1093 0.54573 2.8753 0.18469 5.087
0.13072 0.29211 0.043827 7.9887 0.063581 0.14914 1.6463 0.77457 6.409
0.047126 0.015329 0.069053 5.6092 0.10281 0.44078 0.70617 0.31927 7.5688
0.032324 0.022974 0.039932 4.0765 0.12234 0.84312 0.98908 0.23196 6.5128
0.092876 0.68174 0.056459 8.4324 0.14333 0.32251 2.426 0.47565 9.2754
0.094878 0.055758 0.074114 7.4767 0.30536 0.31006 1.8539 0.20212 9.9434
0.37864 1.612e-05 0.1029 3.0739 0.12855 0.19845 1.4316 0.35838 3.4813
0.073678 0.045898 0.087429 2.3376 0.081028 0.39509 2.0957 0.37896 3.8215
0.1184 0.33188 0.11202 3.4548 0.079251 0.19125 2.5494 1.3646 7.7
0.099546 0.99993 0.1352 8.9506 0.14387 0.12496 2.1117 4.2419 7.741
1.2661 0.066332 0.079381 7.3971 0.489 1.0574 0.86706 0.072877 11.578
0.028974 0.029443 0.010075 16.732 0.06067 0.21916 0.8029 0.43992 9.1258
0.12969 0.021788 0.036444 14.498 0.067827 0.19633 1.5111 0.43818 9.3446
0.076026 0.064928 0.087956 10.35 0.11289 0.46987 2.0664 0.31137 9.1782
0.093543 0.13866 0.051255 10.368 0.12911 2.2859 3.7326 0.4925 7.4039
0.080617 0.047629 0.048187 8.8393 0.19762 2.3574 1.9807 0.63213 11.034
0.03538 0.23941 0.064952 4.8744 0.075868 0.53033 1.697 0.15424 5.0965
0.026831 0.032378 0.078037 0.74287 0.097686 1.3017 1.3364 0.15099 2.8422
0.50387 0.060405 0.021791 3.6168 0.063108 0.40684 1.6723 0.026924 4.9003
0.25424 0.04806 0.048423 1.7595 0.30523 0.47038 6.243 0.49027 1.9687
0.16316 0.051912 0.11908 4.1681 0.30984 0.3821 5.3729 0.50482 2.2642
0.29053 3.3666 0.09632 3.479 0.30924 0.076446 2.4583 0.35404 1.4667
0.064507 0.35061 0.042903 1.0181 0.18855 1.5568 2.5019 0.73034 2.2125
0.092538 0.45931 0.044927 0.85563 0.20873 0.542 2.6588 2.9958 2.7654
0.025873 0.0078101 0.053107 2.7531 0.029462 0.27911 2.131 0.24041 2.4319
0.019671 0.011129 0.036648 2.8431 0.020473 0.21086 0.69186 0.16071 1.6248
0.0084728 0.013208 0.025488 3.096 0.028375 0.17614 0.81652 0.15111 2.8183
0.078479 0.04041 0.028946 2.8478 0.087029 0.23358 2.3369 0.24587 3.7211
0.24349 0.093941 0.086575 3.0326 0.63827 0.11726 1.9799 0.55749 1.801
0.085474 0.068439 0.11118 4.1783 0.042357 0.30158 2.9195 0.55817 0.4311
0.20379 0.088003 0.074086 5.2014 0.067361 0.11627 2.3858 0.55668 0.44798
0.093697 0.20336 0.07791 6.6504 0.07045 0.2261 2.0068 0.72373 1.0435
0.05135 0.012936 1.4097e-06 2.7091 0.036029 0.44765 0.46102 0.071091 5.2405
0.11547 0.0085195 0.027808 5.6739 0.037501 0.2157 0.13115 0.14686 8.5423
0.084574 0.098381 0.016581 5.3465 0.066778 0.505 0.79056 0.10604 7.8537
0.087295 0.041613 0.0087229 7.5918 0.072671 0.78792 0.65618 0.096044 3.323
0.13024 0.064154 0.083929 5.1349 0.20697 1.9618 1.1185 0.33591 3.6023
0.1702 0.086852 0.081742 1.4646 0.2979 2.2316 5.2766 0.34864 5.154
0.36275 0.17243 0.18631 2.303 0.32133 2.4834 13.23 1.366 4.5171
0.57339 0.079689 0.19137 2.0263 0.97601 0.53923 4.4827 8.8623 6.6571
0.064451 0.013894 0.1317 3.9341 0.07315 0.39893 1.8201 0.19303 2.5744
0.086328 0.81513 0.13201 6.3467 0.11242 0.47382 4.0022 2.1315 1.709
0.045345 0.10469 0.17569 7.6115 0.021842 0.90323 2.2587 0.35701 0.29101
0.009088 0.032155 0.036624 7.6605 0.063478 0.57607 0.86535 0.24636 8.88
0.47532 0.0065409 0.13982 8.7166 0.15693 0.59374 0.99965 0.16955 3.124
0.11214 0.071273 0.06613 2.1056 0.1024 1.0121 4.0721 1.3774 2.7256
0.61522 0.060928 0.00030991 2.8224 0.17896 0.58556 0.1327 11.52 3.3758
0.23003 0.067604 0.13256 2.7006 0.36735 2.1096 4.9422 0.34557 3.503
0.36097 0.07868 0.15093 9.6034 0.092138 0.82819 3.1856 0.49838 3.2279
0.08844 0.067747 0.07277 11.013 0.19636 1.4276 4.8975 0.20557 5.7711
0.24717 0.046986 0.072058 11.099 0.10962 1.7459 2.1595 0.59195 8.4194
0.041866 0.025736 0.12139 9.3423 0.018195 0.3423 2.9534 3.1152 0.1593
0.18692 0.54126 0.098944 5.8697 0.12434 1.2695 2.6907 0.26371 1.5955
0.11696 0.028019 0.023779 10.67 0.10196 0.80504 3.1532 0.27404 5.1478
0.21735 0.058179 0.12373 3.2772 0.11728 2.151 2.9843 0.36094 2.8648
0.044615 0.026591 0.090528 8.5887 0.055487 0.4445 0.82432 0.29529 2.7598
0.10841 0.33907 0.10913 1.3849 0.26599 0.78859 3.9484 0.13577 0.37539
0.075968 0.043755 0.11414 3.5058 0.14442 1.4467 2.0573 0.22521 1.7252
0.05445 0.056369 0.054893 5.4609 0.14967 0.62447 1.7033 0.096971 1.3983
0.030858 0.024972 0.031599 9.45 0.083583 0.79359 1.016 0.16722 6.4311
0.034311 2.1344 0.60003 9.9522 0.027118 0.99579 1.9958 0.58698 1.0641
0.16841 0.0058419 0.38409 6.4855 0.21468 1.0458 1.8914 0.50702 0.41395
0.019219 0.0083302 0.057291 2.1287 0.03712 0.52035 2.3231 0.19597 0.23972
0.3461 0.038527 0.090382 2.3309 0.24133 0.81967 3.9348 0.81057 0.61825
0.54813 0.14069 0.11005 4.053 0.45027 0.43246 3.0012 0.45031 0.8879
0.11202 0.067705 0.061199 4.1218 0.45013 0.93272 1.7866 0.22967 1.3806
0.098773 0.010329 0.056993 18.342 0.076694 0.57249 0.74599 0.30677 2.9738
0.15773 0.038568 0.034601 17.872 0.33069 1.5623 0.63897 0.31204 4.8235
0.044895 0.0065801 0.067303 14.887 0.024823 0.43804 0.44965 0.28958 2.9483
0.15152 0.076007 0.066213 13.024 0.083537 0.60652 1.5134 0.84558 2.8219
0.06436 0.019048 0.046769 4.5512 0.23883 0.32369 1.9468 0.18814 0.84076
0.15438 0.032667 0.073701 2.0928 0.3304 3.0879 7.2944 0.20648 2.1297
0.24817 0.056932 0.1514 5.3132 0.32773 1.8381 6.2132 0.98802 2.5048
0.3007 0.028833 0.29168 6.7615 0.128 1.3122 2.9736 0.50483 7.0919
0.14465 0.074571 0.10722 3.7663 0.36207 1.0167 5.0295 0.38319 1.9717
0.064409 0.036858 0.046863 4.2202 0.45222 0.28842 2.6716 0.076252 2.2792
