5.65E-02	7.49E-02	2.58E-02	3.4162	2.76E-02	0.77556	0.76451	2.6348	1.3048
0.10502	9.47E-02	1.023	8.238	0.34305	0.90561	0.68558	3.6232	0.60222
0.30177	8.73E-03	3.5941	10.312	0.51018	0.96665	0.48974	3.3069	0.31276
0.11338	2.46E-02	0.90901	10.789	0.46396	0.93211	0.36254	3.0546	0.36266
4.41E-02	1.33E-02	0.13403	6.5265	3.71E-02	0.26253	0.88878	0.90091	9.04E-02
0.16499	4.07E-02	5.23E-02	10.926	0.22452	1.1396	1.3333	0.55776	4.4689
5.66E-02	2.30E-02	1.29E-02	15.163	1.18E-02	0.45933	0.60356	0.82738	3.5686
4.83E-02	3.78E-02	7.61E-02	2.0983	5.34E-02	0.33867	0.34901	0.63044	0.29909
0.1322	2.51E-02	0.15367	2.3666	7.17E-02	0.41198	0.33205	1.1861	0.38458
5.24E-02	1.37E-04	5.98E-02	2.1364	0.34089	1.6542	6.29E-04	0.56242	0.29899
9.91E-03	6.90E-03	8.57E-03	1.3104	8.50E-03	0.23439	0.39974	0.92194	0.5917
0.1722	4.85E-03	6.07E-02	3.1089	0.26698	0.17688	0.18011	0.62197	1.9246
2.53E-02	2.60E-02	1.00E-02	4.2815	0.11935	0.12724	0.18343	0.64038	0.36993
3.68E-02	3.95E-02	2.55E-02	2.734	8.30E-02	8.76E-02	0.54527	2.091	0.80712
0.11049	7.44E-02	1.90E-02	6.2818	4.33E-02	0.12208	0.66002	0.9747	1.5413
0.11818	4.30E-02	3.78E-02	9.2673	4.17E-02	0.28563	0.72552	2.0576	3.1865
0.11203	3.90E-02	0.10266	11.547	5.57E-02	0.31883	0.92899	0.87643	3.8747
2.86E-02	1.31E-02	2.19E-02	11.884	7.73E-03	0.14662	0.44411	0.35234	3.4857
3.34E-02	1.95E-02	0.20601	3.1718	0.15579	0.29029	0.22832	1.1502	0.89018
1.54E-02	3.34E-02	3.21E-03	1.6098	2.91E-02	0.24616	0.30442	2.0155	0.1798
0.36753	6.00E-02	3.86E-02	1.9139	0.11532	0.18836	0.51936	2.0004	1.6414
0.33928	0.13523	7.32E-02	8.2633	0.24069	0.26426	2.0373	2.2912	2.6491
0.28696	5.83E-02	0.12004	15.726	0.13167	0.30632	1.9453	4.6169	1.2025
0.40643	0.30651	3.15E-02	18.634	0.9045	0.24118	0.3246	2.0165	0.71958
0.18818	0.50338	6.09E-03	18.194	0.13816	0.50646	0.90045	3.2087	0.60277
1.97E-02	0.7862	4.17E-05	14.19	1.99E-02	0.93964	0.73246	2.6374	1.4587
7.05E-04	0.4027	1.72E-03	6.2082	6.83E-02	1.4282	0.70139	3.7864	0.78834
8.86E-02	5.40E-02	1.36E-02	1.6916	5.29E-02	0.32402	0.69924	1.9828	0.47776
0.68511	5.66E-02	1.86E-04	3.2879	0.16471	0.28942	0.69976	3.1896	0.56548
0.1298	0.12163	1.96E-02	3.8527	0.20433	0.3905	1.0752	3.3997	0.39822
0.25008	0.32337	7.13E-03	5.3295	0.50708	0.5534	0.31869	2.8646	0.21003
0.14015	0.27111	1.33E-02	11.546	0.11749	0.70311	0.74448	4.5902	0.52999
0.21974	0.10786	7.89E-02	8.3734	0.14486	0.38099	1.4639	1.4805	2.4059
5.66E-02	6.86E-02	2.36E-02	12.931	5.29E-02	0.18939	0.52447	1.3208	2.8381
6.09E-02	8.40E-02	2.02E-02	5.6714	0.13428	0.25814	1.1525	1.4664	1.8647
7.44E-02	8.40E-02	2.78E-02	7.3016	0.21498	0.13874	1.393	2.0528	0.94393
8.62E-02	0.1166	1.40E-02	12.861	1.85E-02	0.10497	0.4946	1.6171	1.4291
4.70E-02	9.52E-02	1.44E-02	20.54	2.27E-02	0.29383	0.92818	3.0265	1.0292
6.24E-02	5.44E-02	1.31E-02	20.463	4.57E-02	0.24057	1.2271	2.2112	0.53337
6.29E-02	0.1434	1.88E-02	20.658	1.98E-02	0.36388	0.9272	3.4829	0.46886
1.27E-02	0.14798	7.45E-03	11.435	1.17E-02	0.27017	0.40907	2.0162	0.93266
5.81E-02	0.10867	2.16E-03	10.255	1.33E-02	0.4067	0.66981	2.6018	1.0671
0.14943	0.254	1.02E-02	10.637	0.17192	2.0692	0.98768	2.482	1.6001
0.24768	0.46186	1.46E-02	5.086	0.1454	1.1378	0.85448	1.0227	0.75355
2.71E-02	0.21079	1.01E-02	1.557	2.04E-02	0.21584	0.66007	1.7709	0.38623
0.27012	0.45448	2.04E-02	7.6206	0.14478	1.2315	0.97488	1.8685	0.47627
0.19163	39.103	1.1802	0.33399	2.88E-02	2.02E-03	6.03E-03	0.15538	2.52E-02
0.36193	4.6579	0.19652	3.907	0.12393	1.69E-02	1.7474	1.9285	1.4823
4.72E-02	0.23152	2.73E-02	6.1248	2.30E-02	0.15758	0.43582	1.6412	0.35037
0.11531	0.53959	7.65E-02	8.8107	0.33943	0.50952	0.29902	2.0472	0.36695
6.78E-02	0.21018	0.10579	7.1851	0.13306	1.4171	0.90581	1.4931	0.35036
5.05E-02	0.18928	2.03E-02	7.685	4.12E-02	2.354	1.6309	2.6257	0.44783
0.15528	0.18983	1.70E-02	5.3341	3.71E-02	0.33669	0.94259	1.9481	0.39406
0.74916	4.08E-02	9.48E-02	6.8217	0.2147	0.27506	1.2259	2.731	0.93354
3.12E-02	7.50E-02	1.39E-02	9.6532	1.18E-02	0.26328	1.1044	3.0908	0.23804
5.45E-02	5.68E-02	0.17078	19.374	3.37E-02	0.80025	0.78646	2.6736	0.13917
6.78E-02	2.84E-02	0.33619	3.8143	5.33E-02	0.35546	0.87302	1.2283	1.4643
7.28E-02	6.72E-02	2.26E-02	16.798	2.28E-02	0.41173	0.76307	2.2971	2.2425
0.14193	7.21E-02	0.2506	8.5261	8.59E-02	8.49E-02	0.93592	2.3673	0.80954
0.17446	4.74E-02	0.31065	7.1758	0.14254	0.28106	1.0977	2.6096	0.11664
3.43E-02	3.71E-02	9.40E-03	21.134	9.71E-03	0.17186	0.75852	1.0389	0.96168
5.75E-02	7.19E-02	6.18E-03	7.8133	4.38E-02	0.22302	0.60162	1.8327	0.32521
2.81E-02	2.76E-02	3.00E-02	14.539	2.75E-04	0.48859	0.83361	2.7531	0.29575
0.2777	3.60E-02	0.15445	13.416	0.59437	0.3733	0.31572	2.155	0.70857
9.47E-02	4.02E-02	2.88E-02	14.108	3.78E-02	0.10473	0.49335	0.87439	1.313
6.04E-02	2.02E-02	2.21E-02	27.115	2.04E-02	0.19286	1.9477	1.7491	1.37E-03
6.48E-02	3.93E-02	4.53E-02	19.284	5.00E-03	0.4672	0.73437	1.6663	0.41593
0.11202	5.57E-02	0.12612	8.4973	5.19E-02	0.24144	0.96713	1.1876	1.392
0.18281	8.04E-02	8.56E-02	9.3766	9.93E-02	0.16075	1.423	1.8084	0.29385
0.44916	5.93E-02	0.21208	3.4776	0.32455	0.24495	2.8656	2.6776	0.35982
7.53E-02	3.82E-02	0.14359	4.8944	7.03E-02	0.15609	0.58803	1.4812	0.32495
0.24549	5.81E-02	1.83E-02	4.4228	9.93E-02	0.2438	0.32242	1.4865	0.35244
0.35093	4.80E-02	0.1474	7.6279	9.20E-02	0.22711	2.1927	3.4191	0.61424
0.49196	4.67E-02	1.1993	6.8847	0.62029	0.97996	0.64681	2.5862	0.33437
0.15013	5.25E-02	0.14879	3.5654	6.40E-02	0.32162	1.0537	1.7282	0.77727
2.66E-02	4.71E-02	3.91E-02	7.902	1.97E-02	0.29994	0.92089	0.7836	2.0889
7.53E-02	7.06E-02	2.45E-02	8.4456	8.54E-02	0.26872	0.38168	0.85079	1.059
1.30E-02	4.25E-02	3.73E-02	6.8946	1.06E-02	7.08E-02	0.58755	1.52	0.82067
0.23528	6.19E-02	0.21858	8.1712	0.17875	0.10096	2.9293	3.1196	1.092
3.9541	2.26E-03	0.92457	10.403	0.68061	0.18099	0.71904	2.8657	1.2671
3.47E-02	0.1287	1.86E-02	12.967	5.22E-02	0.4001	0.91973	3.4821	0.96142
0.2411	0.1616	0.40131	10.727	0.24046	0.51925	0.53826	3.0282	0.38739
4.73E-02	4.75E-02	8.79E-02	5.9924	2.91E-02	0.32271	0.85706	1.8551	0.65221
0.15372	6.91E-02	2.33E-02	4.9714	0.14296	0.23062	0.96799	1.1847	0.4279
5.05E-02	9.57E-02	9.70E-03	10.546	2.65E-02	0.23804	0.76387	1.723	0.62032
0.57106	3.75E-02	0.66189	19.884	5.77E-02	0.25932	1.2482	3.0951	1.1959
0.29118	5.89E-02	0.54571	18.017	0.25081	0.28401	1.3511	2.8659	1.2518
0.178	5.92E-02	0.20286	13.709	3.42E-02	0.4573	1.2623	3.0182	0.24952
1.13E-02	4.79E-02	2.91E-02	21.91	8.79E-03	0.27879	0.49471	2.3089	0.59164
1.07E-02	6.61E-02	1.88E-02	6.8044	9.09E-03	0.36807	0.31053	3.028	0.20045
5.37E-02	6.28E-02	2.41E-02	2.66	0.11666	0.5055	0.25116	2.0426	0.22239
4.66E-02	3.87E-02	9.21E-02	1.9961	8.95E-02	0.13031	0.33426	1.5551	0.59537
0.30163	3.85E-02	0.47028	3.2923	0.25665	0.11166	0.82891	1.9233	1.0009
0.22102	4.71E-02	0.99682	4.6846	9.35E-02	0.298	2.4104	3.5342	1.6174
8.68E-02	6.70E-02	9.33E-02	11.036	0.17072	0.27976	1.8718	2.9602	1.4649
0.1301	5.36E-02	9.46E-02	13.002	0.10351	0.37353	1.9144	2.2857	1.5327
3.75E-02	3.67E-02	8.95E-03	2.6685	2.91E-02	0.26365	0.42529	1.0905	0.2025
4.53E-02	8.75E-02	2.54E-02	4.4604	4.38E-02	0.41527	0.77302	2.4797	0.54353
0.24364	9.68E-02	0.34203	13.287	4.71E-02	0.24352	1.4666	2.9717	0.8281
0.37917	0.15077	0.61681	15.517	9.14E-02	0.29873	1.2088	4.196	2.3383
0.11409	0.18406	0.16909	14.584	5.30E-02	0.29663	0.72014	1.5026	2.0805
6.89E-02	1.15E-02	0.30024	12.069	0.17937	0.19136	0.7526	1.0204	1.2105
0.88245	3.98E-04	0.82394	9.3461	0.32776	6.71E-02	0.52084	3.6643	1.3935
5.89E-02	4.78E-02	0.40116	3.9129	2.97E-02	0.11527	0.56043	1.582	0.55204
0.12872	8.08E-02	5.29E-02	3.7143	6.06E-02	0.27364	1.3228	5.2334	0.75755
7.80E-02	8.64E-02	4.22E-02	4.2859	0.10107	0.21232	0.29748	2.3299	0.46836
0.13244	6.29E-02	8.53E-03	1.1101	6.62E-02	0.17314	0.61515	1.8095	0.13956
0.16983	9.36E-02	3.99E-02	1.0766	0.23252	0.208	0.8451	3.1327	0.53457
0.41329	2.58E-02	0.42263	1.0135	0.14395	0.13109	1.0321	4.1002	0.54999
1.1167	2.98E-02	0.39051	1.5968	0.22075	0.20302	1.4072	6.2732	0.75745
4.92E-02	3.40E-02	8.86E-02	3.8334	6.39E-02	0.16313	1.5903	2.7266	1.3464
0.10252	5.67E-02	2.92E-02	3.7721	4.27E-02	0.15535	1.0207	3.5073	1.4322
0.34747	9.71E-02	7.35E-02	5.5562	0.12349	0.24342	1.5001	4.6951	2.1659
0.30045	6.36E-02	0.45579	7.5788	0.3463	0.6228	1.5567	4.2281	1.3719
2.3445	1.06E-02	0.3005	6.2718	0.59886	0.49551	1.188	5.9915	0.43449
0.31303	8.90E-02	0.24149	6.5385	0.35952	0.57469	1.4061	4.4231	0.28283
0.39395	0.13551	0.3507	11.049	0.50147	0.44934	0.77991	3.0666	0.51198
1.8714	0.16867	0.54579	2.9329	0.28532	0.11719	0.40153	1.9217	1.76E-04
2.85E-02	7.78E-02	0.19452	3.4096	2.13E-02	0.18029	0.69632	1.6286	1.1357
1.71E-02	0.12899	3.56E-03	6.9137	2.68E-02	0.23423	0.41705	1.415	0.85571
3.43E-02	1.47E-04	7.17E-02	4.4366	1.70E-02	5.68E-02	0.34226	0.64125	1.852
2.19E-03	9.06E-03	9.22E-03	3.1319	6.39E-03	4.75E-02	0.25345	0.29566	1.7988
1.67E-02	3.30E-02	0.26283	1.9832	3.09E-02	0.16702	0.39335	1.0792	0.44756
9.98E-02	2.79E-02	0.82879	0.90126	6.90E-02	0.18559	1.0579	1.6142	0.3811
1.98E-02	1.71E-02	3.88E-02	1.0605	4.65E-02	0.13674	0.66538	1.4823	0.54308
2.09E-02	5.46E-02	0.31122	2.1467	7.01E-02	0.34071	0.29383	2.2541	0.467
0.24165	0.13407	0.53625	2.4195	0.17346	0.37344	1.4534	3.634	1.7134
0.43624	0.20868	1.0472	6.8947	9.83E-02	0.38325	1.3258	3.4173	1.7647
0.19932	0.16816	0.21397	10.132	0.16993	0.36468	0.4251	1.1521	1.3948
4.43E-02	0.17318	0.82461	10.868	3.43E-02	0.36558	0.61504	2.5006	1.6066
0.17835	0.10318	0.63766	5.7434	0.13844	0.15723	0.50915	1.2624	0.3519
1.16E-02	5.38E-02	5.56E-02	3.0187	1.23E-02	0.25234	0.28588	1.1733	0.48775
8.64E-03	3.58E-02	1.89E-02	1.4593	8.40E-03	0.22868	0.27346	1.0755	0.1005
1.01E-02	2.21E-02	7.28E-03	1.9536	9.61E-03	0.2201	0.27947	1.3348	0.24256
5.25E-02	8.28E-02	1.39E-02	2.1769	3.03E-02	0.17247	0.64972	2.2302	2.273
0.18474	0.24903	1.16E-02	2.311	6.54E-02	0.17969	0.65519	3.0795	2.7974
5.14E-02	0.13899	2.39E-02	3.7317	2.37E-02	0.53362	0.26498	2.7915	0.85637
8.43E-02	0.2861	2.66E-02	4.9054	8.50E-02	0.64002	0.9041	3.681	1.6047
2.96E-02	0.2837	0.14544	6.5098	2.82E-02	0.26128	0.28302	2.0207	0.35699
4.09E-02	0.1001	0.84919	2.1397	8.84E-02	0.20412	1.6576	3.0842	0.65911
0.17656	0.18669	0.11992	1.0905	0.10563	0.72775	2.5637	4.0278	1.4926
1.178	0.18472	0.10721	0.85273	0.25407	0.23666	1.3084	3.7905	1.2956
4.64E-02	0.16222	4.97E-02	2.2742	4.55E-02	0.3556	1.5057	6.3683	1.5168
0.18187	0.15361	1.4038	4.4091	0.32187	0.50932	1.7735	6.1359	1.7533
0.34632	0.25572	0.12194	5.4449	0.10214	0.27203	0.60528	3.2867	3.725
0.22338	8.97E-02	0.66286	2.151	0.19196	0.19133	1.6922	4.7952	3.3527
0.1977	0.27978	3.35E-02	1.6589	9.54E-02	0.20176	0.93754	2.918	3.8237
0.1381	0.18838	6.90E-02	2.7851	6.22E-02	0.25185	2.5604	3.4499	3.0427
5.40E-02	0.20115	0.29287	7.9558	4.70E-02	0.50641	1.4065	3.8004	1.6171
0.10231	0.31361	3.76E-02	12.303	5.61E-02	0.60754	0.7838	3.8599	5.5014
0.29559	0.29438	0.15405	14.67	0.34434	0.44238	1.305	3.2464	4.991
7.38E-03	0.11502	1.59E-02	3.3265	5.35E-02	0.25027	0.45448	1.7245	1.8173
3.95E-02	9.14E-02	7.14E-02	0.14855	6.31E-02	0.22281	1.3278	3.9354	3.114
1.09E-02	1.48E-02	5.65E-02	2.2628	2.84E-02	0.15354	0.5253	0.97598	1.7978
4.34E-02	4.39E-02	1.20E-02	3.7127	0.15456	0.22899	1.5151	0.27027	4.4287
4.55E-02	0.11903	3.26E-02	1.946	0.15875	0.19153	2.2508	0.22529	0.83637
3.76E-02	2.54E-02	0.12337	2.181	2.69E-02	5.21E-02	0.28315	0.39625	1.0736
0.5914	4.35E-02	0.48724	2.7804	0.13175	0.17881	0.9591	1.8184	6.7692
4.47E-02	7.74E-02	1.70E-02	3.6075	2.63E-02	0.12292	0.54364	2.493	6.1875
4.62E-02	0.10452	0.33505	4.5942	7.21E-02	0.2041	0.85855	2.448	2.5264
6.03E-02	0.12153	0.23869	5.2849	2.92E-02	0.1742	0.31095	1.3794	0.78611
1.78E-02	0.1591	1.94E-02	11.397	1.50E-02	0.23823	0.32067	1.5235	1.265
0.1381	5.01E-02	8.93E-02	1.5122	5.86E-02	0.12269	0.82661	1.1474	1.6019
0.35824	6.11E-02	5.18E-03	5.1711	0.15138	0.13788	0.88313	0.74596	1.6729
5.68E-02	7.51E-02	4.67E-02	0.57064	7.48E-02	0.1273	1.1084	2.0232	3.9211
0.52828	0.15933	0.3958	1.7097	0.1065	0.21394	2.156	3.9718	6.7881
0.17789	0.15935	0.17997	6.8262	8.79E-02	0.30552	2.1735	1.691	12.02
2.88E-02	3.92E-02	2.34E-02	3.509	2.15E-02	0.13475	0.53357	0.43525	3.2679
6.48E-02	3.19E-02	3.74E-02	3.0914	3.13E-02	0.10972	0.4518	0.79597	3.0121
1.63E-02	3.93E-02	5.57E-03	3.0643	1.28E-02	0.10035	0.16611	0.2459	2.2466
4.20E-02	2.13E-02	1.33E-02	4.1356	3.39E-02	0.10083	0.66973	0.45613	5.5238
0.19863	5.22E-02	0.27139	2.7764	4.97E-02	0.13428	0.92165	1.7968	2.9004
4.54E-02	4.65E-02	2.75E-02	1.8605	5.09E-02	0.12025	0.61629	1.6786	2.8928
0.28639	8.46E-02	2.32E-02	0.81934	0.27466	0.14496	1.5753	3.4475	1.4626
0.56569	0.10892	5.85E-02	0.80611	0.20776	0.30379	1.5289	2.644	2.4613
1.25E-02	7.32E-02	3.52E-03	3.5044	1.99E-02	0.13799	0.26532	0.70543	2.0447
1.63E-02	2.58E-02	9.53E-04	3.2423	3.78E-02	0.20556	0.18095	0.6312	2.3054
1.31E-02	7.61E-02	1.32E-02	0.9222	1.66E-02	9.03E-02	0.20331	0.60365	2.3301
2.03E-02	0.1811	3.79E-03	2.0691	2.89E-02	0.13786	0.23256	1.0008	3.1904
8.38E-03	4.22E-02	5.79E-03	2.1771	1.40E-02	0.10565	0.19742	0.78001	3.2231
1.38E-02	5.01E-02	1.22E-02	1.4939	3.96E-02	1.4048	1.6497	1.4243	2.6946
2.72E-02	4.19E-02	1.02E-02	1.9789	8.54E-02	0.12236	0.48311	1.7481	2.4462
2.41E-02	3.79E-02	1.93E-02	1.7313	4.66E-02	0.1617	0.22085	1.0756	1.8049
7.53E-03	9.75E-02	2.13E-02	2.0796	6.21E-02	7.71E-02	0.16423	1.4938	2.2966
1.74E-02	0.13324	1.08E-02	4.3078	2.14E-02	8.15E-02	0.33099	1.2696	3.3918
8.23E-02	0.24301	3.82E-02	2.1778	0.16192	9.95E-02	0.76415	3.7027	3.8508
7.19E-02	0.12726	9.59E-02	2.4567	0.23195	0.251	0.60917	2.8128	9.1193
9.55E-02	0.13712	8.35E-02	3.2804	0.20534	0.18465	0.78839	4.6368	8.9523
0.19724	0.18266	9.83E-02	3.0827	0.20685	0.28125	0.32566	2.8069	3.5171
0.12812	0.17033	0.18334	3.1953	3.84E-02	0.25665	0.43659	1.0627	7.515
3.35E-02	4.33E-02	6.07E-02	5.8602	0.18386	0.12277	1.49E-03	0.83077	7.88
7.27E-02	0.12254	0.12436	3.6807	9.11E-02	9.57E-02	0.41847	1.7238	3.9607
0.15891	9.67E-02	0.95827	2.1914	2.03E-02	0.15542	0.72488	1.3769	2.7246
0.73669	0.27289	0.50552	2.55	4.1004	2.41E-03	0.55731	3.3657	3.1206
0.16321	0.17247	0.18444	1.4411	0.26499	0.29816	2.0025	4.1844	4.0409
0.1417	6.16E-02	0.31842	2.3358	0.29405	7.64E-02	0.97767	4.4782	5.68
0.11071	8.87E-02	0.12006	1.2666	8.99E-02	4.17E-02	0.35597	1.1678	3.3437
0.16267	0.10752	0.24404	1.5896	7.18E-02	4.85E-02	0.60102	2.0274	3.0744
1.60E-02	2.14E-02	0.65809	3.9686	0.13088	0.19119	0.21942	1.1212	2.8697
5.50E-02	7.77E-02	1.89E-02	1.7246	8.80E-02	0.16484	1.7055	3.5222	2.5648
2.63E-02	5.71E-02	0.10185	2.3076	4.50E-02	0.12478	0.57676	1.7324	3.5178
0.14465	6.16E-02	7.28E-02	3.606	0.17724	0.10763	0.69965	4.469	4.9024
0.23404	0.10841	0.26228	4.5378	0.1739	7.34E-02	1.3148	1.4453	9.3103
4.78E-02	4.10E-02	4.95E-02	5.9071	9.00E-02	9.31E-02	0.3281	9.67E-02	13.039
7.51E-02	9.93E-02	0.10361	7.4924	2.81E-02	8.52E-02	0.10831	0.8986	4.1294
8.61E-02	3.11E-02	0.69621	3.398	0.25301	0.11067	0.26779	2.273	3.1947
2.89E-02	6.28E-02	9.43E-03	1.5315	3.15E-02	0.64026	0.36944	1.6668	1.8064
0.11814	0.11645	7.56E-02	6.4773	8.30E-02	0.16416	0.64179	0.89548	4.7451
5.54E-02	0.112	4.02E-02	6.4224	5.28E-02	0.12853	0.74909	1.605	0.20188
0.56123	0.10652	0.40768	3.0842	0.19758	4.60E-02	0.42174	2.8113	5.6452
0.10983	9.90E-02	4.88E-02	1.4858	4.93E-02	0.1537	0.43566	1.8922	2.1658
1.74E-02	0.12696	4.37E-02	2.1999	2.65E-02	0.1623	0.30199	1.9933	2.0106
8.40E-02	0.22462	0.12579	5.3257	9.86E-02	0.25612	0.67189	3.3381	1.6562
0.15143	0.19627	2.90E-02	5.1207	0.16114	0.2082	4.24	3.1499	10.859
3.67E-02	3.06E-02	2.97E-02	2.2498	6.09E-02	9.43E-02	1.9813	0.21048	3.4906
2.17E-02	5.60E-02	2.34E-02	1.173	5.83E-02	0.10656	1.574	0.38541	1.5791
1.14E-02	3.63E-02	2.48E-02	2.8526	3.32E-02	7.81E-02	0.52076	0.81302	3.3989
7.06E-02	8.11E-02	4.70E-02	2.5344	6.29E-02	0.15983	0.85666	1.6227	4.0634
0.22949	6.53E-02	1.37E-02	1.9327	0.27989	4.89E-02	0.15722	0.72332	3.6638
5.81E-02	8.60E-02	1.48E-02	2.8474	9.65E-02	0.16812	1.4222	1.7603	5.0977
6.93E-02	0.11133	7.81E-03	0.5232	4.85E-02	9.72E-02	0.31785	3.5328	1.4579
0.1219	0.14061	4.64E-02	2.3903	3.47E-02	0.16035	0.36694	4.5514	3.6373
8.28E-02	0.13688	7.21E-02	3.1826	0.12237	0.19456	1.7444	3.4516	10.169
0.47725	5.17E-02	0.1865	4.3398	0.28335	9.85E-02	0.52986	1.3692	4.5205
9.29E-03	5.42E-02	5.97E-03	4.2964	2.97E-02	0.23497	0.31024	1.777	2.4197
9.55E-03	8.35E-03	1.57E-02	4.1756	1.07E-02	9.86E-02	0.12265	0.13118	3.2542
3.21E-02	1.92E-03	0.55483	1.8989	3.21E-02	0.10728	0.30189	1.1942	3.4222
3.69E-02	3.77E-02	8.40E-03	0.96112	4.05E-02	0.39815	0.55211	1.269	1.0638
5.75E-02	5.35E-02	3.01E-02	1.7299	3.23E-02	0.22716	0.85223	2.6808	2.4184
0.11011	4.72E-02	0.71548	2.2636	9.59E-02	0.17204	0.53857	2.4552	2.3766
0.31266	6.14E-02	1.0694	2.0117	6.09E-02	0.20592	0.63591	1.4397	2.7222
0.32687	8.28E-02	4.68E-02	1.6549	0.18356	0.13144	0.32919	1.6852	1.2886
1.25E-02	6.11E-02	8.88E-03	1.9451	0.11426	0.16603	1.4623	1.3074	2.6912
1.58E-02	7.54E-02	3.76E-03	2.3628	2.40E-02	0.17936	0.25911	1.9444	3.2284
1.88E-02	9.86E-02	5.03E-02	3.8615	1.45E-02	0.11498	0.18353	0.73993	1.3201
7.25E-03	2.49E-02	0.21468	4.5643	4.13E-02	0.1531	0.29531	0.35871	3.2492
4.21E-02	1.93E-02	6.12E-03	6.4256	1.45E-02	0.10033	0.28155	0.5127	3.3342
0.6179	5.57E-02	1.30E-02	3.9032	0.15541	0.18268	0.88536	2.4599	3.3662
0.14456	8.98E-02	4.42E-02	2.6432	8.24E-02	0.1958	0.50471	2.4744	3.4596
6.38E-02	7.81E-02	8.22E-03	4.6485	2.63E-02	0.25692	0.31214	1.6798	2.2838
3.83E-02	4.57E-02	0.20685	5.3499	6.46E-02	8.97E-02	0.29687	0.69145	4.1751
1.33E-02	1.93E-02	9.05E-04	3.0185	1.18E-02	0.10565	0.1203	0.66344	2.3791
3.19E-02	3.26E-02	1.31E-02	1.3873	2.05E-02	0.18551	0.54796	1.2829	2.8305
0.17535	0.12729	1.1167	1.3275	9.64E-02	0.16111	1.4657	3.4942	4.4479
2.88E-02	0.11667	3.64E-04	1.8399	4.32E-02	0.26214	0.93279	1.6417	3.5964
1.78E-02	9.93E-02	8.40E-02	2.9135	3.80E-02	0.25332	0.25592	0.54791	4.0053
1.79E-02	5.37E-02	6.75E-04	1.4969	6.74E-03	0.25795	0.13828	0.58686	2.3432
3.66E-02	4.11E-02	0.1483	2.8225	0.128	0.10355	0.12501	1.3655	3.8875
0.18265	8.94E-02	1.5612	3.0953	8.00E-02	0.23514	0.40996	1.9282	3.6717
7.60E-03	0.11667	2.4019	4.7642	3.13E-02	0.27083	0.37214	1.5497	1.4579
3.63E-02	0.11158	0.43151	5.3614	2.55E-02	0.29802	0.61272	1.3392	2.4138
6.55E-03	0.10374	5.06E-04	4.0745	9.23E-03	0.27607	0.2487	1.6458	0.51453
1.40E-02	2.77E-02	4.57E-02	2.8854	1.24E-02	0.26943	0.12563	0.46529	0.73584
5.15E-02	4.41E-02	0.13359	2.5968	4.80E-02	0.19793	0.27896	1.124	2.9309
5.62E-02	0.11265	7.86E-02	3.5084	3.12E-02	0.47152	0.39954	1.2479	3.1104
2.74E-02	6.36E-02	0.17509	5.8198	0.16772	0.11777	1.9973	0.81045	7.4337
0.29265	5.82E-02	0.25642	11.584	1.05E-02	0.14572	0.54475	1.0553	3.6373
1.34E-02	4.69E-02	0.20335	6.2085	5.62E-02	0.44784	0.35171	1.0452	3.6767
2.28E-02	3.62E-02	2.55E-02	3.8083	8.88E-02	0.1519	0.80548	1.5443	5.7277
2.74E-02	2.53E-02	1.07E-02	6.23	3.60E-02	1.47E-02	0.92764	0.45701	3.1972
3.81E-02	3.07E-02	1.87E-02	11.776	4.21E-02	4.86E-02	0.45489	0.64154	5.571
6.76E-02	2.16E-02	3.01E-02	12.331	5.77E-02	0.16771	0.76217	0.62516	6.6779
7.24E-02	3.13E-02	2.51E-02	7.0054	6.96E-02	4.19E-02	0.96325	0.2991	8.6934
5.81E-02	2.28E-02	0.11029	8.9096	0.21483	4.30E-02	0.98566	1.69	6.7973
6.46E-02	2.33E-02	9.81E-02	4.2723	0.32372	0.14377	0.18813	3.03	3.933
0.20703	6.71E-02	2.2195	2.8345	3.39E-02	0.39347	0.21658	1.6534	1.1065
3.93E-02	5.15E-02	3.09E-02	4.8093	0.12695	0.13213	0.63848	1.3453	6.3572
6.38E-06	1.96E-04	4.63E-06	1.86E-05	7.81E-02	2.16E-05	7.82E-06	4.30E-06	1.73E-05
5.36E-02	8.60E-02	1.46E-02	10.616	3.68E-02	0.22988	1.2405	1.1845	4.4734
3.08E-02	6.92E-02	4.33E-02	4.9824	0.10442	0.21724	2.1851	1.4276	6.6517
0.81547	8.85E-02	1.93E-02	2.2106	0.13336	0.39815	1.1081	1.4488	4.0332
3.16E-02	6.53E-02	7.80E-03	2.0482	4.04E-02	0.72289	0.92499	1.4847	2.6251
5.36E-02	7.67E-02	0.13029	4.3742	3.88E-02	0.65737	1.1436	1.4239	3.1841
3.20E-02	1.82E-02	0.91329	5.877	0.17186	0.30512	0.46564	1.4024	5.1851
3.74E-02	3.91E-02	2.49E-02	5.4125	0.13764	0.15987	0.82135	2.015	3.4529
4.02E-02	8.78E-02	2.21E-02	2.2674	0.13952	0.36086	1.5875	3.2673	5.6865
2.58E-02	8.17E-02	0.17886	3.5958	6.69E-02	0.37122	3.2113	2.8185	7.3052
3.48E-02	6.52E-02	3.32E-04	5.0495	3.03E-02	0.35028	0.35832	1.3913	11.704
3.76E-02	0.10458	6.27E-03	5.8714	5.81E-02	0.5351	0.32088	1.5875	8.4025
1.64E-02	5.31E-02	0.36964	7.0172	6.28E-02	0.33062	0.44028	1.0609	2.8403
2.31E-02	9.15E-02	3.57E-02	5.7806	4.08E-02	0.15526	0.77945	1.575	5.2983
4.08E-02	4.26E-02	1.65E-02	5.9917	2.06E-02	0.32018	0.56545	0.90522	5.8388
3.95E-02	8.60E-02	3.55E-02	8.098	4.72E-02	0.5967	0.55007	1.8242	5.4609
1.99E-02	4.19E-02	0.11518	10.188	8.90E-02	0.53886	0.50413	2.1945	4.4546
6.90E-02	5.54E-02	1.52E-02	18.384	0.23458	0.32033	1.7432	1.3266	7.2386
6.18E-02	4.38E-02	0.27191	8.7714	6.44E-02	0.28395	0.39489	1.5712	3.3019
1.19E-02	6.31E-02	0.77636	9.3358	1.79E-04	0.32544	0.35727	1.3331	0.44377
5.58E-03	8.52E-02	0.10202	9.3044	1.09E-02	0.43963	0.24678	1.7907	0.25534
2.43E-02	0.15402	6.30E-02	5.8277	5.31E-02	0.39937	0.41558	2.7277	0.59804
4.80E-02	0.22793	5.51E-02	7.3606	0.12986	0.37822	0.19091	3.6701	0.96478
7.81E-02	0.21227	2.58E-02	6.1541	0.14612	0.38045	0.33784	3.9502	0.57916
2.36E-02	2.62E-02	5.67E-02	8.1838	8.57E-02	0.17655	0.93269	0.33288	6.1877
1.66E-02	4.11E-02	7.92E-03	5.3225	9.09E-03	9.19E-02	0.43465	0.36116	2.5997
3.77E-02	2.85E-02	7.83E-03	2.56	4.49E-02	0.11604	0.40071	1.1194	2.3335
2.29E-02	3.06E-02	1.83E-03	5.3374	1.67E-02	0.42128	0.44126	1.2708	2.9512
1.80E-02	7.30E-02	0.18381	5.8371	5.44E-02	0.4133	0.45444	1.3799	1.6817
3.16E-02	2.82E-02	2.65E-02	1.3713	7.67E-02	0.97182	0.63605	2.2483	0.25663
4.55E-02	7.09E-02	0.14851	0.81647	1.93E-02	1.0484	1.7974	1.8633	1.5487
2.23E-02	0.10044	2.50E-03	7.809	1.93E-02	0.58443	0.26849	0.4694	2.6106
6.33E-03	3.50E-02	9.42E-02	3.2151	3.21E-02	0.19938	0.22153	0.44824	1.4746
7.68E-02	3.49E-02	0.17846	6.4463	8.22E-02	0.1274	1.0861	3.8396	3.0886
0.12842	6.36E-02	0.13471	6.6808	5.62E-02	0.46119	0.52926	2.0443	1.6862
2.43E-02	0.14199	2.82E-03	8.088	2.37E-02	0.19282	0.68968	1.1444	4.5597
0.20317	6.20E-02	0.21077	2.5484	5.90E-02	0.38687	1.8034	2.2855	1.7521
4.42E-02	0.10242	1.04E-02	7.417	3.04E-02	0.43085	1.1108	1.8069	2.3968
9.59E-02	0.11837	0.26181	7.7481	8.23E-02	0.74655	0.48207	2.4696	1.9321
2.82E-02	0.14013	0.11183	5.4498	2.04E-02	0.52064	0.54729	0.94262	0.71634
3.57E-02	0.12047	0.18717	3.0493	6.25E-02	0.6575	0.6118	1.618	0.41794
4.29E-02	0.18066	0.20995	6.1984	2.59E-02	0.52505	0.46921	0.81376	0.36435
1.32E-02	3.03E-02	2.39E-02	0.96252	8.84E-03	0.23329	0.37146	0.85784	0.2567
1.75E-02	8.30E-02	5.90E-03	2.8267	2.73E-02	0.45327	0.85844	1.9063	0.42132
1.37E-02	0.10783	3.66E-03	8.8492	5.58E-03	0.5617	0.32958	1.0135	0.41623
1.26E-02	0.10174	1.96E-02	5.8857	0.19352	0.57724	0.7876	1.0121	0.79383
1.46E-02	2.03E-02	4.60E-03	3.3334	1.19E-02	0.24851	0.51937	0.78019	0.43683
3.90E-02	6.47E-02	3.14E-02	2.3259	5.54E-02	0.36772	1.0608	1.6521	0.53183
4.68E-02	5.89E-02	0.13289	3.8142	3.34E-02	0.46338	0.46691	2.0248	0.72847
5.10E-02	7.76E-02	9.62E-02	5.6063	9.94E-02	0.42094	0.67512	1.1666	1.4497
0.10451	3.93E-02	5.06E-03	3.3804	9.25E-02	0.14174	1.5248	0.51189	3.2546
3.90E-02	1.62E-02	3.25E-02	2.3283	0.24857	0.10488	1.0343	2.6582	3.332
7.19E-02	8.71E-02	3.44E-02	2.2237	5.19E-02	0.37064	0.78962	1.4398	1.0694
5.53E-02	6.59E-02	8.37E-02	3.4208	3.73E-02	0.39484	1.2203	1.7245	1.2627
4.71E-02	5.00E-02	2.87E-02	2.6808	2.40E-02	0.15809	0.99404	1.1519	1.7678
2.79E-02	3.66E-02	4.19E-03	7.8655	3.81E-02	0.23519	0.37685	1.2215	2.4708
7.58E-02	0.15554	0.50874	9.6628	0.18755	0.40579	0.47735	4.387	0.71763
4.16E-02	0.10242	0.12544	7.5538	0.1237	0.38009	1.3152	1.2712	3.2085
5.02E-02	9.14E-02	3.58E-02	7.4572	3.90E-02	0.27556	0.44028	0.86471	0.92812
3.37E-02	5.52E-02	2.93E-02	2.9311	4.03E-02	0.1573	1.0221	2.0892	2.2187
1.95E-02	5.87E-02	0.20018	7.4423	3.96E-02	0.25653	0.49429	1.6142	3.0962
9.45E-02	5.85E-02	0.25167	3.8639	2.92E-02	0.23508	0.50904	1.4396	1.5361
3.18E-02	7.60E-02	2.39E-02	9.3511	2.66E-02	0.24787	0.79856	3.0931	3.164
0.13992	9.32E-02	7.28E-02	11.352	0.31917	0.31866	0.52794	2.873	0.75171
5.38E-02	8.54E-02	7.19E-02	7.6906	0.21682	0.36763	0.47679	3.2797	0.13059
8.30E-02	7.93E-02	9.97E-04	12.793	0.13831	0.34109	0.31198	1.7071	0.19407
0.1037	7.94E-02	1.3204	10.526	0.18664	0.45856	0.57093	3.1821	0.27348
6.81E-02	0.17206	0.13367	9.9281	0.21836	0.39754	0.65577	3.7631	0.38066
6.48E-02	0.1602	1.82E-02	4.4971	9.54E-02	0.15851	0.80453	0.72974	2.1049
2.07E-02	4.68E-02	9.37E-03	8.7668	0.12125	0.16452	1.3858	0.85938	2.5524
6.65E-02	2.49E-02	5.33E-02	13.122	1.38E-02	0.14977	1.379	1.1304	4.236
2.14E-02	9.42E-02	1.73E-02	15.456	1.16E-02	0.22815	0.69656	2.3279	0.83142
2.77E-02	0.4316	1.04E-02	12.728	4.39E-02	0.26646	0.67376	1.8959	1.1512
2.62E-02	0.10208	2.52E-02	7.2886	2.29E-02	0.19403	0.31746	1.6518	0.97458
1.93E-02	0.13451	0.16705	4.9072	2.24E-02	0.19238	0.21196	0.7574	0.97482
5.74E-02	3.99E-02	6.26E-02	2.7397	0.11355	0.19396	0.7271	1.4519	0.53581
3.90E-02	4.14E-02	6.59E-02	3.9949	1.30E-02	0.17676	0.70507	1.1539	0.22636
9.00E-03	1.60E-02	9.40E-03	1.519	3.58E-03	0.18025	0.40411	1.1928	0.12813
1.58E-02	3.39E-02	9.05E-03	1.6728	2.84E-02	0.22822	0.49183	1.407	0.25388
4.30E-02	7.37E-02	1.94E-02	3.0023	6.99E-02	0.30521	1.3127	2.2134	0.4451
4.54E-02	0.3388	0.47511	4.3798	2.86E-02	0.22028	1.0431	2.4719	1.0228
4.69E-02	0.199	7.70E-02	7.7246	1.37E-02	0.25077	0.51136	1.9281	0.5377
2.43E-02	0.46408	5.13E-02	14.315	2.07E-02	0.25692	0.38384	2.0784	0.67597
2.28E-02	0.17364	1.47E-02	16.687	1.38E-03	0.33211	0.47266	2.3519	0.63037
3.41E-02	0.11689	3.16E-02	20.687	4.31E-02	0.34542	0.62538	3.268	0.52357
8.90E-02	0.18348	0.40346	25.836	1.83E-02	0.31726	0.96905	4.2654	0.76178
2.18E-02	7.59E-02	1.78E-02	22.283	5.22E-03	0.42811	0.7684	4.0233	0.30437
2.44E-02	7.27E-02	3.53E-02	11.971	8.39E-03	0.24052	0.72575	2.0476	0.26219
3.67E-02	0.13145	0.17047	6.1929	3.44E-02	0.2932	1.1795	2.5842	9.57E-02
0.12123	6.39E-02	0.25387	7.8169	0.20592	0.24404	0.71236	1.1649	0.62373
0.1018	0.15276	0.31095	6.1418	0.78233	0.2515	1.095	2.539	0.58324
3.51E-02	9.57E-02	2.01E-02	5.2996	9.86E-02	0.21075	2.8695	1.9155	0.92194
1.90E-02	0.12191	0.10575	9.1875	1.86E-02	0.48787	0.61729	1.7742	1.0435
7.41E-04	3.66E-03	1.36E-02	1.045	8.59E-02	7.7132	3.7153	1.26E-02	0.54599
6.32E-03	1.13E-03	9.04E-02	2.21E-02	3.81E-04	13.377	7.4759	0.21578	0.548
1.66E-02	0.46873	8.54E-02	10.778	0.23539	5.7265	5.0238	2.6474	1.50E-03
1.31E-03	36.375	1.2884	14.728	6.37E-02	1.46E-03	4.0238	0.52151	3.356
0.13259	32.843	1.4549	24.671	4.52E-03	2.5354	7.3665	5.64E-03	3.9835
4.91E-02	0.51066	2.69E-02	13.322	1.06E-02	1.1207	1.6835	1.4294	0.2644
3.93E-02	0.7549	5.12E-02	8.446	1.69E-02	0.36737	0.84218	4.235	0.55355
6.38E-02	0.59719	2.82E-02	19.093	5.12E-02	0.79316	1.408	3.4038	0.71838
0.13305	0.1541	9.80E-03	19.714	7.32E-02	1.111	1.082	3.618	3.14E-02
5.61E-02	6.79E-02	1.17E-02	13.27	2.51E-02	0.19429	0.92022	1.1458	3.4435
6.51E-02	8.28E-02	2.45E-03	16.946	2.21E-02	0.15725	1.5059	1.1918	1.6912
8.36E-02	3.54E-02	3.93E-02	15.105	8.57E-02	0.26411	0.94706	1.6054	0.80042
6.91E-02	0.13715	2.74E-03	20.026	5.93E-02	0.23261	1.4249	1.8847	0.58377
7.52E-02	6.06E-02	2.66E-02	24.277	7.42E-02	0.57154	1.8936	2.7312	5.50E-02
6.13E-02	5.42E-02	1.84E-02	33.098	3.05E-02	0.24804	2.6769	2.0849	0.43349
0.16234	4.62E-02	3.67E-02	20.121	3.09E-02	0.35366	0.81343	2.1762	1.3753
9.54E-02	2.75E-02	0.10477	2.8716	5.28E-02	0.18797	1.428	1.379	0.36606
0.19663	6.03E-02	6.22E-02	5.722	7.61E-02	0.31306	3.1052	1.5891	0.56863
0.1763	7.35E-02	1.93E-02	6.7899	1.64E-02	0.53664	1.9001	1.1689	0.3769
7.45E-02	6.64E-02	3.63E-02	6.3569	9.44E-02	1.1552	2.2544	1.2884	0.35296
0.14407	6.61E-03	0.56239	5.0977	9.88E-02	1.0987	4.2355	2.2508	0.33636
2.25E-02	5.06E-02	6.83E-03	7.0377	0.11362	0.28823	1.3799	1.7433	0.58496
0.11725	5.85E-02	1.35E-02	7.2619	0.12054	0.2175	2.6279	1.9157	0.7023
6.81E-02	2.04E-02	0.26297	17.142	3.07E-02	0.22354	1.1788	2.2892	1.1757
3.44E-02	1.03E-02	0.44177	13.355	2.47E-02	0.2749	1.3787	1.2706	0.32677
2.60E-02	6.39E-02	0.3488	13.31	1.22E-02	0.59347	0.70238	1.3552	0.19904
2.50E-02	6.99E-02	0.12378	9.8154	2.05E-02	0.80889	0.49404	0.85184	0.14112
3.97E-02	8.27E-02	0.1341	2.7553	0.17595	0.79013	2.0731	1.8403	0.26544
0.12281	5.60E-02	0.27674	2.1983	0.3677	0.278	4.6814	1.6121	0.6413
1.60E-02	9.94E-03	3.49E-02	6.9845	3.31E-02	2.9305	1.703	2.4641	0.70055
2.11E-02	4.07E-02	1.14E-02	15.622	9.04E-03	1.8385	2.0897	1.8667	0.63841
3.76E-02	4.80E-02	3.15E-02	24.331	5.92E-03	0.82808	0.95513	1.8805	0.82144
0.10071	1.33E-03	0.35423	23.907	4.74E-02	0.54646	1.2844	3.2616	0.64378
2.74E-02	3.90E-02	3.99E-02	11.151	3.76E-02	0.37364	0.82099	1.1135	1.1187
2.87E-02	2.74E-02	1.49E-02	5.4887	2.32E-02	0.19639	0.44846	1.0539	0.41442
4.30E-02	3.34E-02	5.19E-03	8.2326	2.75E-02	0.20697	1.3281	1.34	0.54356
1.19E-02	2.31E-02	1.64E-02	17.99	1.41E-02	0.22233	2.452	1.9431	0.3264
7.36E-02	5.62E-02	0.42036	25.134	4.23E-03	0.4249	1.1781	2.6912	1.2499
6.81E-02	6.59E-02	3.14E-02	12.834	2.68E-02	0.251	0.52855	1.3823	0.57135
3.12E-02	7.29E-02	5.64E-02	9.3816	8.69E-03	0.24075	0.36415	2.0655	0.58768
6.91E-02	2.82E-02	0.1661	2.5854	7.86E-02	0.11153	0.57723	0.94198	0.40406
9.89E-02	3.45E-02	8.01E-02	4.1859	3.05E-02	9.14E-02	0.76345	0.70714	1.2113
2.71E-02	3.78E-02	0.24293	6.9869	2.02E-02	0.28354	0.56245	1.0291	1.368
4.02E-02	3.79E-02	0.46648	4.371	9.62E-03	0.28977	0.37795	1.4601	0.22557
3.08E-02	6.21E-02	0.56065	6.6289	9.95E-03	0.13851	0.37005	1.2596	0.24794
5.77E-02	0.16584	5.47E-02	9.3541	9.85E-02	0.17152	1.4948	1.3382	1.0987
3.63E-02	7.06E-02	3.35E-02	8.5635	6.69E-03	0.22658	0.67752	1.3576	1.1352
8.71E-02	8.92E-02	0.30877	7.7634	3.10E-02	0.31954	0.5994	2.3811	0.38089
9.21E-02	6.89E-02	0.26422	8.5114	7.28E-02	0.29904	1.5673	2.1896	0.73773
2.31E-02	4.91E-02	5.79E-02	3.72	6.86E-02	0.15461	0.86434	1.2135	1.0304
4.40E-02	6.98E-02	6.27E-03	8.1215	5.30E-02	0.30777	1.0167	2.3638	0.12899
2.17E-02	0.13039	2.42E-02	8.3425	0.10855	0.25646	1.6112	2.6786	0.13155
3.97E-02	0.11202	2.95E-02	12.192	0.14424	0.24286	2.683	2.2769	1.3993
5.93E-02	7.09E-02	1.50E-02	19.273	0.18395	0.24037	2.9976	2.1854	1.0708
3.51E-02	0.10329	2.87E-02	14.548	9.81E-02	0.21875	1.609	2.3537	1.3183
4.48E-02	7.66E-05	6.20E-02	23.83	1.51E-02	0.22042	1.2154	2.069	1.108
3.82E-02	4.59E-02	2.21E-02	30.46	1.25E-02	0.24649	1.1497	1.79	0.63552
3.04E-02	8.24E-02	1.96E-02	27.664	0.19273	0.28036	0.94382	4.5919	0.88956
5.85E-02	5.18E-02	0.18028	13.615	0.16609	0.36027	0.22945	1.4956	0.33261
6.78E-02	4.36E-02	0.32671	8.2473	0.10842	0.48759	0.41818	2.6337	0.44692
4.97E-02	3.81E-02	2.14E-02	3.9523	1.73E-02	0.42819	0.86264	3.1269	0.17572
2.62E-02	2.77E-02	5.65E-02	5.9604	4.07E-02	0.32249	2.24	4.0927	0.6728
0.19674	7.46E-02	8.03E-02	11.83	5.44E-02	0.56587	2.3749	8.0409	0.60962
8.22E-02	3.64E-02	4.93E-02	17.128	2.87E-02	0.83889	1.2761	4.7081	0.82968
6.18E-04	7.02E-02	5.36E-04	20.798	2.0712	0.23496	0.24151	5.4397	1.0238
0.2303	3.94E-02	0.28138	22.769	0.31743	0.41989	6.1312	6.0818	0.49657
3.39E-02	4.76E-02	0.168	21.695	0.11439	0.6208	2.5934	5.8865	1.0697
7.63E-02	3.93E-02	5.85E-02	3.421	4.56E-02	0.21961	1.3573	3.0196	0.33936
0.1035	6.99E-02	1.33E-02	4.6718	6.49E-02	0.26815	2.2467	3.6467	0.5502
2.09E-02	9.68E-02	4.10E-02	10.645	7.83E-02	0.59117	3.2605	8.8229	0.64542
6.40E-02	0.26395	0.23979	11.993	8.66E-02	0.45396	1.5845	4.2054	1.9396
5.53E-02	8.20E-02	1.30E-02	15.499	0.11149	8.38E-02	1.2758	1.2417	4.8249
6.36E-02	6.57E-02	2.71E-02	14.309	0.10004	0.19121	3.0237	2.116	4.1339
0.13033	3.91E-02	0.18596	11.884	7.77E-02	0.17629	1.8152	1.2423	7.8061
2.15E-02	3.88E-02	1.44E-02	9.049	4.12E-05	0.45079	0.30651	1.1034	1.7423
7.13E-03	7.61E-02	0.18858	2.8409	4.32E-02	1.4892	0.87311	1.2396	0.26213
5.59E-02	1.84E-02	0.18321	2.424	0.2023	6.04E-02	0.3505	1.0734	0.4433
0.1917	8.91E-02	0.23081	2.9075	0.22914	0.186	1.2717	3.4988	0.8291
0.19979	6.46E-02	0.22931	0.77153	6.47E-02	0.32302	1.008	3.3128	0.20401
0.15469	7.94E-02	0.20354	2.0684	9.10E-02	0.31166	2.4219	5.5529	0.62494
3.81E-02	7.06E-02	4.49E-02	1.1731	0.1327	0.47854	2.2491	5.1544	0.35334
0.11392	5.94E-02	4.68E-02	4.4609	8.27E-02	0.76844	2.5358	8.2434	0.85868
6.53E-02	3.31E-02	4.25E-02	14.323	0.13488	0.47009	4.9674	5.0516	3.4042
3.83E-02	4.22E-02	2.36E-02	20.719	9.74E-02	0.40493	1.3553	3.2898	3.74
7.35E-02	5.93E-02	3.71E-02	24.427	4.67E-02	0.69244	1.8115	3.8406	4.5008
5.43E-02	8.49E-02	6.66E-03	14.068	6.02E-02	0.25423	0.4843	5.1634	1.1005
0.19326	8.71E-02	0.19637	13.043	0.48094	0.29289	0.17697	6.4824	1.2752
0.15495	8.01E-02	0.1176	15.1	0.31445	0.41093	0.40075	3.8167	0.42399
9.10E-02	8.11E-02	0.24397	6.3583	0.25569	0.63468	1.9916	4.2107	1.2027
3.34E-02	8.51E-02	0.34373	6.0366	0.11938	0.15057	0.92176	1.7524	1.4215
1.13E-02	6.09E-02	0.1123	4.4615	7.02E-03	0.16978	0.43832	0.84643	0.61264
3.74E-02	0.13223	1.96E-02	1.5725	0.12332	0.37255	1.8818	3.4904	0.79093
1.62E-02	9.46E-02	0.1812	3.3439	1.66E-02	0.28904	0.29614	1.8451	1.0694
6.23E-02	6.40E-02	3.01E-02	1.5976	0.16526	0.22352	1.9891	3.7937	0.75402
0.13298	9.56E-02	0.12027	3.0292	6.04E-02	0.34042	1.2336	4.6137	1.4817
0.20421	9.99E-02	0.27579	4.1812	4.84E-02	0.32986	1.9013	5.3791	1.9863
5.35E-02	6.74E-02	3.28E-02	6.4026	5.08E-02	0.20687	2.7793	2.9031	3.7488
4.20E-02	3.22E-02	5.39E-02	9.9793	3.73E-02	0.18512	1.1454	1.9837	5.1454
5.05E-02	5.08E-02	0.10589	5.6537	2.30E-02	0.12892	0.16826	1.7242	2.2055
2.58E-02	8.02E-02	1.62E-02	1.1794	7.64E-02	0.19693	0.77743	2.0567	0.25203
5.28E-02	0.11261	1.72E-02	0.96535	6.75E-02	0.21267	1.6286	5.4043	2.3534
0.22369	0.16137	0.97594	2.6453	6.13E-02	0.29833	1.7482	3.5521	1.3286
1.51E-02	2.85E-02	2.41E-03	2.3201	3.12E-02	0.2688	0.13478	5.7099	1.7697
1.55E-02	2.88E-02	2.65E-02	2.5499	4.90E-02	0.30251	0.72889	2.9829	1.7029
2.60E-02	0.16236	0.69364	4.7867	1.62E-02	0.30878	0.60662	3.2429	2.5154
0.13139	6.70E-02	6.98E-02	3.0544	5.62E-02	0.33075	0.48407	1.2904	2.0848
0.15336	0.12478	9.06E-02	2.9743	0.13627	0.11289	1.2249	3.0629	6.4035
6.81E-02	7.78E-02	0.13059	3.9793	9.24E-02	0.2488	2.7623	5.789	5.1216
8.08E-02	8.63E-02	0.10002	9.3542	0.28583	0.30008	4.5271	3.5867	9.3013
5.55E-02	6.32E-02	5.93E-02	4.1955	0.14894	0.16037	1.8482	1.825	6.8136
4.86E-02	6.39E-02	1.39E-02	6.0764	6.48E-02	0.1267	1.5663	1.7556	9.1411
4.23E-02	3.34E-02	2.70E-02	7.6026	4.78E-02	0.1246	1.7642	0.67626	6.3722
3.56E-02	0.12503	1.82E-02	5.0911	1.96E-02	1.86E-02	0.24158	0.62485	3.3935
2.69E-02	6.42E-02	5.38E-03	7.4907	4.64E-02	4.87E-02	0.40261	0.29464	5.2763
3.50E-02	3.26E-02	1.55E-02	8.7069	3.79E-02	6.96E-03	1.0047	0.72731	6.4357
2.26E-02	2.39E-02	8.25E-02	5.1136	2.48E-02	7.21E-02	1.8056	0.64912	3.0871
6.02E-02	4.62E-02	0.1756	5.0143	0.25861	9.24E-02	0.91616	1.1589	7.2741
1.86E-02	2.28E-02	5.03E-02	5.0822	0.14428	5.10E-02	0.44812	1.6546	4.9358
1.52E-02	4.64E-02	2.36E-02	2.2607	5.95E-02	0.10028	0.58241	2.0094	4.2825
1.84E-02	6.60E-02	6.81E-03	2.578	2.73E-02	9.07E-02	0.40166	1.1565	4.2033
2.49E-02	2.12E-02	5.13E-02	4.092	7.78E-02	3.33E-03	0.95479	1.0614	1.1656
4.10E-02	4.01E-02	4.84E-02	6.2307	8.78E-02	0.15048	0.52126	1.7388	5.3093
0.2915	4.68E-02	0.83092	3.1552	0.1461	0.19271	0.35702	2.5795	1.7502
5.78E-02	7.68E-02	4.68E-02	2.6602	1.83E-02	0.23099	0.10808	2.3867	0.4694
1.41E-02	7.23E-02	9.71E-03	7.872	1.09E-03	0.16837	0.24497	0.67136	0.28607
1.76E-02	5.27E-02	4.41E-02	3.6058	4.37E-02	0.29257	0.37378	0.82411	1.081
1.37E-02	6.20E-02	1.59E-02	3.5227	3.92E-02	0.14143	0.51141	1.2344	2.9354
0.12247	4.94E-02	0.14804	3.4616	0.28331	0.2147	0.58375	5.4755	4.2826
0.25501	0.11301	0.1376	1.4807	0.6871	0.15173	0.23668	3.0883	1.3978
0.13081	9.87E-02	4.59E-02	2.1617	7.20E-02	0.15892	0.32572	2.4315	2.0284
1.65E-02	4.44E-02	8.37E-03	9.2077	5.69E-02	6.34E-02	0.5162	0.774	7.1034
3.35E-02	4.61E-02	7.57E-02	2.9825	5.67E-02	0.10332	1.0656	1.8991	4.3098
8.08E-02	0.11508	2.49E-02	4.391	0.10359	0.19725	1.3245	2.4915	10.439
2.11E-02	6.86E-02	0.10606	3.8601	6.02E-02	0.21368	0.24049	1.4273	6.1901
0.16279	6.09E-02	0.20782	1.4148	0.16116	0.24449	0.65854	5.5084	6.7249
0.10538	9.13E-02	0.35163	0.20664	0.1026	0.46259	1.7126	7.6256	1.9598
6.28E-02	6.67E-02	0.13634	2.7066	0.18274	0.31023	0.67873	3.8929	3.5966
4.26E-02	1.10E-02	5.31E-02	2.6528	0.19162	0.39938	0.68141	4.5841	3.7883
4.91E-02	0.12645	4.34E-02	3.7682	8.96E-02	0.39612	1.055	4.831	2.852
9.32E-02	0.29189	4.41E-02	2.0222	0.15397	0.25799	1.4324	3.5713	7.1465
3.74E-02	0.11905	2.70E-03	3.2839	0.15859	0.11723	1.1944	2.2683	2.1764
4.31E-02	3.24E-02	2.11E-02	2.8977	7.55E-02	9.36E-02	1.2713	1.2988	8.0022
6.30E-02	3.52E-02	0.1257	2.5694	0.36372	6.53E-02	0.80931	7.5629	15.159
0.38307	0.15663	9.39E-02	4.5385	0.1248	0.19569	0.69863	3.4916	9.0511
5.60E-02	8.68E-02	0.14055	1.3814	6.71E-02	0.22705	0.24091	1.8003	1.186
1.32E-03	0.10949	1.67E-02	1.4683	7.91E-02	0.32207	7.05E-03	4.3215	0.56604
6.93E-02	3.52E-02	0.12044	1.1676	6.18E-02	0.24994	0.10608	2.9438	1.15
6.73E-02	8.74E-02	0.20368	1.427	9.05E-02	0.31053	1.0412	3.3569	3.5423
6.57E-02	4.30E-02	0.10951	1.3991	5.13E-02	0.2212	1.9783	1.107	5.0063
0.1053	7.62E-02	0.20897	2.7096	9.02E-02	0.15205	1.2707	0.69102	9.0073
4.65E-02	5.50E-02	2.90E-02	2.9959	0.131	6.75E-02	0.61283	1.8879	9.3707
0.16196	0.10119	0.35839	4.9432	0.18254	0.14297	0.34758	1.7334	15.066
0.13884	8.31E-02	3.21E-03	4.6607	0.32619	6.05E-02	0.36402	0.56143	10.893
7.70E-02	9.64E-02	1.01E-03	1.8867	5.59E-02	0.20323	0.42609	1.5619	6.9653
0.12188	0.13182	2.40E-02	0.83565	0.1103	0.4265	1.1912	3.7339	5.9381
0.26941	0.2623	0.1542	3.0363	0.16897	0.45013	2.5001	7.6191	11.147
0.23226	0.20212	0.11026	5.3639	0.269	0.58764	2.4684	10.434	12.918
8.01E-02	8.93E-02	5.84E-03	4.7228	8.48E-02	0.22818	1.6126	2.9546	9.3333
3.72E-02	6.46E-02	1.54E-02	8.5099	9.60E-02	0.21889	1.2717	0.4747	10.751
8.75E-02	0.13556	2.96E-03	4.1526	5.27E-02	0.14923	0.58816	1.9807	6.694
0.13836	0.1439	7.88E-03	2.4843	0.19488	0.3557	1.0192	2.5112	4.0586
5.81E-02	0.12027	4.91E-02	3.8258	5.90E-02	0.15013	0.72037	0.92939	11.082
3.55E-02	8.62E-02	1.07E-02	8.448	9.61E-02	0.17733	0.6857	0.35653	6.4582
1.83E-02	7.16E-02	5.54E-03	4.1158	1.51E-02	0.31097	0.20819	1.0916	0.24091
4.11E-02	3.79E-02	1.17E-02	3.2837	9.24E-02	0.19802	0.73454	1.0331	5.5067
1.80E-02	1.84E-02	8.72E-03	0.69318	1.62E-02	0.248	0.28754	2.0156	0.38295
4.15E-02	4.83E-02	1.37E-03	0.83159	4.78E-02	0.12938	0.33257	2.1132	0.96396
3.61E-02	3.50E-02	6.19E-03	1.7983	3.32E-02	0.1307	0.32423	1.4139	3.1104
0.17737	0.13739	9.40E-03	0.23983	0.11101	0.21491	1.2878	4.6557	3.1829
6.73E-02	8.04E-02	2.11E-03	4.3767	0.17838	0.10412	5.44E-02	1.4421	10.469
0.1902	9.40E-02	3.66E-04	4.594	0.13115	7.99E-02	0.20278	1.6028	9.1507
0.12341	7.54E-02	9.15E-03	3.2946	0.18607	2.34E-02	0.62661	0.77979	6.6342
7.39E-02	0.14188	4.99E-03	3.5328	4.44E-02	0.10803	0.38481	1.6474	2.7601
2.02E-02	7.40E-02	5.18E-03	5.013	4.89E-03	0.15599	0.12678	0.71238	2.5147
3.85E-02	6.22E-02	1.11E-02	1.2137	0.31697	5.75E-02	2.5219	1.478	2.8333
2.59E-02	3.22E-02	7.05E-03	0.97628	5.04E-02	0.2131	1.178	0.43178	2.7114
3.36E-02	4.40E-02	4.20E-03	3.995	0.14317	8.39E-02	0.76125	0.25737	3.6971
3.15E-02	0.10618	2.49E-02	5.3284	5.24E-02	0.10606	0.88336	1.7314	7.1771
4.81E-02	0.11893	1.53E-02	3.2717	5.15E-02	6.71E-02	0.59778	1.2874	10.471
1.64E-02	4.03E-02	2.97E-03	4.1226	2.05E-02	0.15837	0.26563	0.411	6.2432
2.69E-02	6.60E-02	1.10E-02	4.2474	2.30E-02	9.99E-02	0.4682	1.1462	7.2742
3.12E-02	3.73E-02	2.80E-03	1.6466	3.96E-02	0.1838	0.59001	2.5943	2.0306
9.20E-03	2.95E-02	1.13E-03	2.00E-02	2.71E-02	0.23331	0.51829	5.2472	0.51634
4.75E-03	1.62E-02	2.34E-03	2.4881	1.76E-02	0.20647	0.32277	2.3961	1.1759
3.11E-02	4.90E-02	6.88E-03	0.25452	2.60E-02	0.26517	0.49554	3.2701	1.3
0.1545	0.29479	0.6789	0.67989	7.20E-02	0.25045	0.89916	3.7059	3.2607
3.22E-02	0.11031	0.37878	0.9075	0.27045	0.25779	0.7812	4.2077	6.6644
1.26E-02	2.54E-02	7.95E-03	0.50089	6.37E-02	0.17609	0.77692	3.0233	4.5987
9.22E-02	3.60E-02	0.22391	1.17E-02	5.73E-02	0.20153	0.56659	6.3526	4.8012
4.74E-02	3.77E-02	2.20E-02	1.626	4.45E-02	0.21017	0.86731	1.5805	5.458
2.65E-02	4.57E-02	5.14E-03	0.57782	3.08E-02	0.26806	0.51696	2.7575	3.0661
6.45E-02	0.11841	6.35E-02	1.356	0.10797	0.25324	0.79885	1.4053	6.3151
2.03E-02	0.12626	0.57612	1.8424	0.15841	0.23954	0.25343	1.9402	4.1347
0.10175	5.85E-02	3.94E-03	1.3352	4.17E-02	0.10601	1.199	1.2425	2.9368
1.62E-02	4.66E-02	1.60E-02	2.0293	3.79E-02	0.24462	0.81735	2.3867	4.532
0.49904	0.12548	0.44601	1.7403	0.18578	2.22E-02	0.21083	2.8355	3.9753
0.12451	0.17633	8.82E-02	1.6605	6.49E-02	0.19714	0.74993	2.9871	6.4615
1.99E-02	8.60E-02	2.05E-03	2.7929	2.19E-02	0.18424	0.2656	1.4166	6.6852
1.44E-02	6.42E-02	1.73E-02	1.8597	3.49E-02	0.21895	0.24534	2.5472	4.5397
2.47E-02	5.68E-02	5.88E-04	7.4012	5.93E-02	0.16588	0.20565	1.7221	5.7131
3.05E-02	1.98E-02	0.28795	5.5499	4.49E-02	1.69E-02	0.30235	1.0571	5.5782
3.63E-02	7.23E-02	5.29E-03	10.27	9.92E-03	0.17032	0.3041	0.76731	3.2722
2.31E-02	2.73E-02	4.79E-03	1.4036	1.81E-02	0.15158	0.39123	1.2045	1.1909
1.82E-02	7.10E-02	2.18E-02	2.0235	9.39E-02	8.26E-02	1.5408	2.411	9.0298
5.17E-03	3.13E-02	6.31E-02	1.6957	0.14473	0.35043	0.32916	1.6089	4.366
6.64E-02	8.92E-02	9.53E-02	2.3803	7.53E-02	8.97E-02	0.5246	1.327	6.7514
1.39E-02	6.63E-02	4.17E-02	2.0064	7.22E-02	7.81E-02	0.36533	1.6127	6.7828
3.15E-02	4.40E-02	1.77E-02	4.3422	6.90E-02	0.1139	0.81817	1.5902	4.6192
2.20E-02	2.08E-02	1.71E-02	2.0176	9.66E-02	0.22241	1.1552	1.8657	3.4808
0.26204	0.11215	5.00E-02	0.13273	8.61E-02	0.44959	1.202	4.1568	1.7133
1.75E-02	5.08E-02	5.85E-03	3.0198	2.84E-02	7.00E-02	0.55052	0.22292	6.4414
5.66E-03	1.59E-02	3.57E-02	3.5661	1.03E-02	9.67E-02	0.32657	7.40E-02	3.7794
2.37E-02	7.23E-02	3.23E-02	2.6941	0.10985	0.38325	1.3908	0.60161	5.0618
4.97E-02	5.98E-02	6.07E-02	6.7049	0.10259	0.12226	0.7414	0.5828	6.4853
9.58E-02	4.47E-02	1.0645	8.5315	3.36E-02	2.96E-03	0.11116	0.78107	5.8852
1.68E-02	3.81E-02	4.59E-02	3.4189	7.41E-02	0.1251	2.3845	1.2511	11.263
5.13E-02	6.49E-02	6.20E-02	5.1017	4.53E-02	0.13827	1.038	2.2243	5.6432
6.96E-02	5.91E-02	8.74E-02	10.089	5.53E-02	0.20847	1.8935	1.3467	11.262
3.86E-02	1.72E-02	6.76E-02	11.919	0.20345	7.92E-02	0.57045	1.19	8.641
1.87E-02	2.68E-02	2.73E-02	7.5681	0.15991	0.11352	0.37459	1.402	5.7895
2.84E-02	3.84E-02	4.00E-02	3.3635	0.18503	0.11627	0.21155	1.8428	4.2044
3.12E-02	6.95E-02	9.46E-03	2.773	3.58E-02	0.17913	0.80431	2.241	4.5726
4.01E-02	5.92E-02	4.67E-02	5.9194	4.22E-02	0.13753	0.60922	1.4923	7.5007
4.24E-02	3.08E-02	3.55E-02	8.3074	8.81E-02	0.22152	2.0326	0.60743	13.995
5.30E-02	3.70E-02	3.34E-02	9.04	3.01E-02	7.86E-02	0.37527	0.53379	12.079
2.43E-02	2.90E-02	1.06E-02	4.1836	4.64E-02	0.26127	0.68294	3.3583	4.1515
5.54E-02	3.21E-02	0.20078	8.5868	2.68E-02	0.12048	0.23616	2.1783	6.5126
2.76E-02	5.42E-02	1.01E-02	6.0951	4.37E-02	0.15884	0.53122	0.83543	7.6063
2.02E-02	3.60E-02	1.50E-02	4.4265	5.18E-02	0.1417	1.0403	1.1984	6.1494
4.28E-02	3.62E-02	0.46557	9.1536	6.09E-02	0.23026	0.42262	3.0396	8.4908
4.86E-02	5.64E-02	3.71E-02	8.1593	0.13407	0.25717	0.38167	2.2079	7.5695
0.14521	7.24E-02	8.35E-04	3.3195	5.95E-02	0.39602	0.19995	1.5957	3.557
3.29E-02	7.23E-02	3.14E-02	2.461	3.45E-02	0.24416	0.48438	2.4764	3.7994
5.44E-02	9.49E-02	0.22871	4.1088	3.22E-02	0.26052	0.30965	3.173	7.5282
4.68E-02	0.13788	0.6919	10.439	5.94E-02	0.32263	0.43605	2.5645	8.1914
0.48014	8.41E-02	4.39E-02	8.8387	0.22749	0.28933	1.3834	1.4144	4.0872
2.21E-02	3.55E-03	1.98E-02	17.583	2.53E-02	5.27E-02	0.30697	1.0912	8.2209
5.95E-02	1.77E-02	1.46E-02	15.217	2.91E-02	0.20977	0.24842	1.8667	8.482
3.95E-02	7.21E-02	4.35E-02	10.914	4.80E-02	0.27	0.57805	2.4533	7.5695
4.10E-02	6.15E-02	9.33E-02	10.532	5.26E-02	0.30871	2.8584	4.635	6.6811
4.22E-02	5.68E-02	3.14E-02	9.4051	8.21E-02	0.20269	2.9499	2.5497	11.115
1.84E-02	1.50E-02	0.1624	5.0511	3.26E-02	0.83055	0.45515	1.4278	4.3645
1.34E-02	3.76E-02	2.15E-02	0.6379	4.17E-02	0.87638	1.3787	0.98934	2.7506
0.18854	5.76E-03	4.04E-02	3.9331	3.10E-02	0.22886	0.51509	1.9791	4.151
9.58E-02	1.85E-02	3.29E-02	1.4199	0.13517	0.53507	0.60195	7.398	1.9534
6.25E-02	8.57E-02	3.55E-02	3.932	0.13698	0.56491	0.46961	6.1711	2.2159
8.75E-02	6.55E-02	2.2978	4.2473	0.13791	0.30644	0.16095	2.8668	1.5337
2.51E-02	4.38E-02	0.23983	1.0058	8.08E-02	0.36384	1.9363	2.8118	2.2163
3.90E-02	5.85E-02	0.31924	1.468	8.94E-02	0.22556	0.89155	3.3792	2.9703
1.32E-02	2.88E-02	5.29E-03	2.7171	1.19E-02	0.40729	0.28414	2.2822	2.3769
9.63E-03	3.08E-02	7.59E-03	2.9133	8.56E-03	0.11596	0.25288	0.77516	1.6022
7.61E-03	2.03E-02	8.88E-03	3.2449	1.15E-02	7.69E-02	0.22005	1.0062	2.6811
3.37E-02	1.42E-02	2.74E-02	2.9431	3.75E-02	0.2192	0.29198	2.778	3.5002
9.26E-02	6.65E-02	6.50E-02	3.2329	0.28579	0.24579	0.17816	2.3791	1.8279
3.26E-02	6.23E-02	4.75E-02	3.9878	1.89E-02	0.86618	0.20932	2.9567	0.455
7.60E-02	4.90E-02	6.09E-02	5.1801	3.13E-02	0.44127	0.1169	2.6194	0.47707
3.56E-02	5.31E-02	0.13998	6.7256	3.15E-02	0.47967	0.24056	2.0914	1.0825
2.55E-02	9.01E-05	8.16E-03	3.0615	1.46E-02	6.91E-02	0.55716	0.59102	4.1604
5.40E-02	1.47E-02	4.53E-03	6.3269	1.57E-02	0.13998	0.24497	0.18933	7.1986
4.08E-02	1.39E-02	6.62E-02	5.9199	2.79E-02	0.11846	0.6301	1.0057	5.8694
3.39E-02	1.36E-02	2.77E-02	7.7774	3.19E-02	8.09E-02	0.99035	0.79933	2.7621
5.11E-02	9.41E-02	4.30E-02	5.2241	9.02E-02	0.22856	2.4284	1.2426	3.6781
6.74E-02	7.92E-02	5.78E-02	1.2411	0.12841	0.49926	2.7828	6.145	4.4046
0.13756	0.15069	0.11764	1.4381	0.13674	1.0779	3.0966	16.12	4.4214
0.23331	0.21336	7.15E-02	4.0528	0.43119	0.57952	1.3074	5.6299	7.3825
2.70E-02	0.10989	9.12E-03	3.9377	3.19E-02	0.37475	0.44059	1.9023	2.4626
3.19E-02	9.13E-02	0.5601	6.6215	4.80E-02	0.93448	0.56486	4.2082	1.8517
1.68E-02	6.95E-02	7.20E-02	7.2901	1.06E-02	1.8691	0.60192	1.3934	0.30533
1.55E-02	1.04E-02	2.12E-02	8.1978	2.58E-02	0.43449	0.6148	0.81483	7.699
0.17667	8.25E-02	4.24E-03	8.877	7.45E-02	0.92549	0.51333	0.63671	2.8601
4.61E-02	4.52E-02	5.04E-02	2.0808	4.29E-02	0.66214	1.2536	4.4991	2.7209
0.24988	7.38E-02	6.49E-02	5.5281	7.72E-02	0.44342	1.5403	3.41E-02	4.1176
8.75E-02	9.43E-02	4.50E-02	2.3582	0.16166	1.0144	2.4631	5.166	3.2822
0.1363	9.96E-02	5.38E-02	9.6224	4.29E-02	0.92074	0.86776	3.3051	3.2379
3.78E-02	5.10E-02	4.46E-02	10.856	8.47E-02	0.63772	1.7394	5.2906	4.7896
0.10055	5.65E-02	3.14E-02	11.477	4.68E-02	0.46562	2.1294	2.3796	8.8041
1.93E-02	9.87E-02	2.35E-02	9.6873	6.60E-03	0.85312	0.46877	2.9563	0.35322
6.62E-02	7.85E-02	0.36818	5.7909	5.50E-02	0.57012	1.5035	2.8153	1.5571
4.77E-02	2.10E-02	1.83E-02	10.812	4.38E-02	0.19964	1.0376	3.8722	4.2326
8.25E-02	0.11108	3.87E-02	3.0838	5.05E-02	0.64667	2.5604	3.1532	2.8431
1.98E-02	6.12E-02	1.82E-02	8.726	2.47E-02	0.50345	0.4363	0.62956	2.8101
3.77E-02	6.39E-02	0.23024	1.0344	0.11794	0.85231	0.83705	4.0347	0.38256
2.92E-02	9.95E-02	2.91E-02	3.3333	6.28E-02	0.53319	1.6957	2.0733	1.6794
2.03E-02	3.18E-02	3.78E-02	5.3496	6.65E-02	0.4725	0.68663	1.642	1.2903
1.90E-02	2.23E-02	1.61E-02	9.77	3.56E-02	0.29067	0.94156	1.0305	5.1188
2.68E-03	0.48924	1.4614	10.231	1.15E-02	1.6925	0.81988	1.1459	1.1963
6.33E-02	0.28764	4.45E-03	6.2782	9.74E-02	1.6473	0.86334	1.137	0.42946
7.48E-03	3.60E-02	5.59E-03	1.883	1.56E-02	0.46899	0.56842	2.428	0.24317
0.12861	7.62E-02	2.72E-02	2.1863	0.10826	0.43941	1.0485	4.6345	0.65024
0.20248	8.24E-02	9.65E-02	4.1018	0.20466	0.43716	0.54504	3.5037	0.90391
4.20E-02	4.95E-02	4.58E-02	4.0844	0.20038	0.33423	1.128	1.9293	1.351
3.80E-02	4.53E-02	6.71E-03	18.533	3.54E-02	0.28752	0.67804	0.65872	2.8108
6.13E-02	2.74E-02	2.54E-02	18.093	0.14787	0.38943	1.8823	0.47606	4.5101
1.90E-02	5.48E-02	4.35E-03	15.093	1.16E-02	0.26238	0.50338	0.31265	2.88
5.85E-02	5.93E-02	5.28E-02	13.356	3.74E-02	0.27098	0.77929	1.7115	2.8858
2.43E-02	3.35E-02	1.29E-02	4.4776	0.10633	0.25119	0.39115	2.1884	0.8227
5.55E-02	7.63E-02	2.00E-02	1.3086	0.14218	0.68129	3.8341	8.1553	1.8853
9.39E-02	0.13513	3.91E-02	4.9897	0.14345	0.6871	2.2866	7.2483	2.5323
0.11906	0.27614	1.89E-02	7.0294	5.56E-02	0.3769	1.6203	3.5408	7.0702
5.38E-02	9.41E-02	5.04E-02	3.4728	0.15925	0.37819	1.2816	6.1658	1.8962
2.54E-02	2.78E-02	2.45E-02	4.1774	0.20109	0.28258	0.35771	2.989	2.0119
