   0.33885E-01   0.17004E-01   0.37652E-01   0.30098E-01   0.76807E-02   0.23976E-01   0.55717E-01
   0.78003E-02   0.11686E-01   0.59538E-02   0.47375E-02   0.42536E-02   0.46517E-02   0.93302E-02
   0.71271E-02   0.27475E-01   0.28576E-02   0.20869E-02   0.51441E-02   0.13461E-02   0.57296E-02
   0.80740E-02   0.34598E-01   0.27014E-02   0.28418E-02   0.10810E-01   0.25222E-04   0.24493E-01
   0.45916E-01   0.83025E-04   0.24683E-03   0.97944E-03   0.73400E-04   0.78103E-03   0.27452E-03
   0.45068E-01   0.17860       0.30714E-01   0.29932       0.51244E-01   0.24665E-01   0.15934E-01
   0.63756E-03   0.14120       0.38504E-01   0.47168E-05   0.35269E-04   0.94400E-02   0.33691E-04
   0.79771E-02   0.47877       0.25968E-02   0.10268E-02   0.53560E-02   0.15797E-02   0.31263E-02
   0.49931E-02   0.80488E-04   0.88904E-02   0.29856E-05   0.58071E-02   0.13423E-02   0.41507E-01
   0.28299E-03   0.21746E-02   0.15151E-03   0.91328E-05   0.44030E-02   0.12467E-04   0.29352E-04
   0.14315E-03   0.10605E-02   0.18899E-03   0.27620E-04   0.26699E-04   0.80015E-04   0.47781E-03
   0.88899E-03   0.80453E-04   0.12576E-03   0.49537E-05   0.32417E-03   0.61700E-05   0.81869E-05
   0.74136E-03   0.16799E-03   0.14363E-02   0.24716E-04   0.17771E-02   0.69040E-04   0.20475E-03
   0.75552E-02   0.22784E-03   0.16748E-01   0.93070E-05   0.79151E-01   0.90114E-03   0.97725E-02
   0.97597E-04   0.58529E-04   0.13229E-03   0.14313E-04   0.48181E-03   0.63929E-05   0.66772E-04
   0.26118E-03   0.44452E-05   0.15240E-03   0.17169E-04   0.10494E-03   0.15383E-04   0.26982E-04
   0.96257E-01   0.19045E-02   0.71669E-03   0.40431E-05   0.71979E-04   0.11691E-04   0.15085E-04
   0.72409E-02   0.24354E-02   0.12778       0.58727E-03   0.61244E-03   0.49448E-04   0.52533E-04
   0.71070E-04   0.18079E-04   0.13182E-03   0.11823E-04   0.31095E-04   0.21533E-04   0.93474E-05
   0.15670E-02   0.20009E-03   0.30325E-02   0.60391E-04   0.18864E-04   0.97313E-04   0.27845E-03
   0.10582E-04   0.76024E-06   0.75828E-04   0.12455E-03   0.13648E-03   0.10188E-03   0.58211E-04
   0.83768E-03   0.22234E-05   0.14825E-03   0.16896E-03   0.12823E-04   0.36688E-03   0.57084E-03
   0.88241E-04   0.95483E-04   0.23545E-03   0.12473E-04   0.98627E-04   0.10258E-04   0.41296E-04
   0.73705E-04   0.82113E-02   0.28692E-04   0.12459E-04   0.19439E-03   0.10340E-05   0.43294E-05
   0.42082E-04   0.21449E-04   0.47108E-04   0.10638E-04   0.42036E-04   0.19490E-04   0.30860E-04
   0.84354E-04   0.28477E-03   0.91953E-04   0.14228E-04   0.17571E-03   0.10154E-04   0.90658E-04
   0.17733E-03   0.22598E-04   0.15982E-03   0.32966E-05   0.41285E-04   0.42253E-04   0.57365E-04
   0.16293E-03   0.20955E-04   0.70256E-04   0.22500E-04   0.58451E-04   0.42486E-04   0.44854E-04
   0.83882E-03   0.56644E-04   0.22450E-03   0.36392E-04   0.10354E-03   0.58971E-04   0.64238E-04
   0.28278E-03   0.54327E-04   0.26817E-02   0.90820E-04   0.62086E-04   0.18322E-04   0.14947E-03
   0.11975E-03   0.28201E-04   0.15326E-03   0.33365E-04   0.37704E-04   0.74704E-04   0.50172E-04
   0.16686E-02   0.10994E-04   0.10107E-02   0.16596E-03   0.33418E-03   0.18563E-03   0.30847E-03
   0.12407E-02   0.88517E-03   0.84974E-03   0.52073E-04   0.10628E-02   0.34104E-03   0.37893E-04
   0.59931E-03   0.37815E-01   0.13350E-02   0.16761E-02   0.23265E-02   0.13156E-02   0.27521E-02
   0.12813E-02   0.28015E-03   0.17531E-02   0.68686E-03   0.18758E-02   0.30153E-03   0.46306E-03
   0.13591E-03   0.43144E-04   0.39742E-03   0.56881E-05   0.34972E-04   0.11208E-04   0.14681E-04
   0.39539E-04   0.12181E-04   0.45416E-03   0.28951E-05   0.11351E-04   0.18582E-03   0.10070E-03
   0.30068E-03   0.54147E-04   0.11525E-03   0.23213E-04   0.24191E-04   0.14962E-04   0.43422E-04
   0.68522E-02   0.26127E-02   0.14590E-01   0.20428E-03   0.51343E-03   0.30229E-03   0.88636E-03
   0.92508E-04   0.24902E-04   0.77872E-04   0.14771E-04   0.31063E-04   0.15668E-04   0.21723E-04
   0.59049       0.80123E-03   0.43947       0.62547E-05   0.55411       0.21996       0.65288    
   0.33910E-01   0.10930E-01   0.15483       0.17188E-02   0.10437       0.45802E-01   0.14113    
   0.72571E-01   0.31728E-01   0.83541E-01   0.65285       0.11697       0.60124E-01   0.31045E-01
   0.11513E-01   0.81739E-02   0.16937E-01   0.19570E-03   0.39973E-01   0.60161       0.20634E-02

