0.008102434 0.006163687 0.32 0.21 0.000123 0.000138 0.000102 5.72e-05 7.56e-05 1.81e-05 0.000293 0.000172 0.000133 6.34e-05 8.41e-05 0.000106 4.43e-05 9.82e-05 5.72e-05 3.42e-05 4.03e-05 3.15e-05 3.72e-05 2.91e-05 4.37e-05 8.96e-05 3.74e-05 8.77e-05 3.11e-05 4.33e-05 4.16e-05 5.7e-05 7.64e-05 2e-05 8.2e-05 1.82e-05 2.26e-05 6.91e-05 3.35e-05 7.18e-05 4.93e-05 0.01118
0.006850725 0.00392971 0.24 0.2 4.75e-05 3.72e-05 5.7e-05 2.22e-05 5.52e-05 2.43e-05 0.000219 0.000126 4.1e-05 2.48e-05 6.14e-05 3.74e-05 1.06e-05 3.58e-05 5.32e-05 3.76e-05 4.52e-05 3.49e-05 1.83e-05 1.97e-05 5.67e-05 3.57e-05 1.51e-05 3.16e-05 2.66e-05 4.69e-05 2.66e-05 1.71e-05 4.11e-05 8.81e-06 4.7e-05 2.65e-05 8.87e-06 8.15e-05 2.49e-05 2.65e-05 6.74e-05 0.00326
0.007260539 0.004259611 0.3 0.2 0.000137 0.000165 5.96e-05 5.05e-05 8.3e-05 2.75e-05 0.00136 0.000225 0.000115 7.31e-05 0.00012 9.31e-05 2.11e-05 3.02e-05 1.3e-05 9.65e-06 7.58e-06 1.29e-05 2.77e-05 1.21e-05 5.09e-06 1.75e-05 1.56e-05 1.56e-05 1.72e-05 3.53e-05 1.52e-05 3.02e-05 4.16e-05 1.2e-05 3.19e-05 1.96e-05 1.54e-05 4.32e-05 2.34e-05 9.66e-06 2.74e-05 0.00639
0.01043042 0.006662972 0.41 0.21 0.000202 2e-04 5.34e-05 6.03e-05 9.11e-05 2.82e-05 0.000719 0.000224 0.000209 0.00016 0.000447 0.000215 3.14e-05 0.000427 7.3e-06 2.37e-05 1.32e-05 4.11e-05 2.99e-05 1.48e-05 2.09e-05 2.51e-05 2.42e-05 3.06e-05 1.7e-05 2.15e-05 2.23e-05 3.55e-05 2.67e-05 1.42e-05 4.26e-05 1.85e-05 1.34e-05 1.46e-05 6.74e-06 2.82e-05 2.39e-05 0.00646
0.008032727 0.006110786 0.35 0.2 0.000152 0.000184 6.02e-05 4.03e-05 6.93e-05 1.54e-05 0.000613 0.000177 0.000127 4.81e-05 0.000251 0.000148 1.63e-05 0.000635 7.55e-06 2.21e-05 1.18e-05 1.81e-05 1.2e-05 1.54e-05 1.78e-05 2.48e-05 3.14e-05 2.57e-05 4.79e-05 3.31e-05 3.05e-05 4.2e-05 2.68e-05 1.32e-05 1.99e-05 1.75e-05 8.04e-06 1.21e-05 7.88e-06 1.27e-05 2.73e-05 0.01017
0.04320992 0.005179849 0.72 0.19 0.000263 0.00176 7.29e-05 3.17e-05 4.86e-05 2.6e-05 5.17e-05 9.92e-05 5.27e-05 0.000156 0.000254 0.000142 5.92e-05 0.000108 5.44e-05 0.000124 0.000146 3.61e-05 3.28e-05 4.43e-05 3.81e-05 5.38e-06 5.62e-06 5.35e-06 6.24e-06 6.29e-06 1.13e-05 4.58e-06 0.000966 5.3e-06 0.000712 4.08e-05 7.29e-06 7.8e-06 5.65e-06 6.21e-05 8.81e-05 0.00424
0.007214663 0.004477583 0.31 0.19 0.000234 0.00024 4.43e-05 6.56e-05 7.54e-05 1.2e-05 0.00144 0.000236 9.22e-05 3.76e-05 0.000169 7.7e-05 3.31e-05 7.33e-05 5.6e-05 4.92e-06 3e-06 6.68e-06 2.98e-06 5.97e-06 3.75e-06 2.83e-05 1.62e-05 5.35e-06 6.24e-06 6.29e-06 2.04e-05 1.64e-05 4.6e-05 5.3e-06 2.38e-05 1.86e-05 7.29e-06 7.8e-06 5.65e-06 1.99e-05 1.21e-05 0.00505
0.007084723 0.005085226 0.29 0.22 0.000131 0.000134 3.94e-05 5.37e-05 4.67e-05 2.43e-05 0.000217 0.000104 3.48e-05 1.69e-05 4.83e-05 5.3e-05 1.97e-05 5.54e-05 2.03e-05 4.52e-05 3.85e-05 2.71e-05 1.93e-05 6.55e-06 5.03e-05 2.55e-05 3.51e-05 3.86e-05 1.82e-05 3.53e-05 3.6e-05 3.77e-05 8.69e-05 2.36e-05 6.65e-05 3.74e-05 2.22e-05 3.28e-05 2.5e-05 7.24e-05 5.93e-05 0.00985
0.009237523 0.005868953 0.4 0.21 0.000157 0.00029 5.68e-05 4.9e-05 8.44e-05 2.73e-05 0.000514 0.000158 7.71e-05 5.79e-05 0.000117 9.99e-05 3.11e-05 0.000396 4.74e-05 4.45e-05 3.27e-05 2.69e-05 3.53e-05 3.98e-05 2.07e-05 3.21e-05 2.14e-05 3.02e-05 2.13e-05 2.67e-05 3.23e-05 2.86e-05 9.35e-05 2.7e-05 6.04e-05 3.98e-05 3.1e-05 2.68e-05 9.39e-06 3.02e-05 5.1e-05 0.01083
0.009958039 0.006255874 0.42 0.2 0.000435 0.00478 7.75e-05 8.95e-05 0.00016 6.01e-05 0.000148 0.00018 7.67e-05 9.46e-05 0.000144 0.000132 3.99e-05 0.000121 0.000299 5.25e-05 4.56e-05 3.57e-05 3.44e-05 2.99e-05 1.89e-05 4.56e-05 1.69e-05 1.91e-05 3.13e-05 1.74e-05 3.8e-05 5.36e-05 0.00013 3.4e-05 7.33e-05 5.01e-05 2.45e-05 3.28e-05 3.38e-06 7.74e-05 5.4e-05 0.00869
0.02014242 0.004492989 0.33 0.21 0.000175 0.000244 5.4e-05 6.62e-05 7.81e-05 3.86e-05 0.000165 0.000122 6.12e-05 0.000105 0.000126 5.56e-05 3.25e-05 7.85e-05 0.000188 4.87e-05 0.000169 4.22e-05 3.51e-05 1.25e-05 1.22e-05 2.2e-05 2.05e-05 5.46e-05 2.93e-05 3.32e-05 2.99e-05 4.17e-05 0.000131 2.74e-05 8.62e-05 5.87e-05 1.49e-05 4.85e-05 7.85e-06 0.000119 9.52e-05 0.01126
0.008932623 0.00522668 0.42 0.21 0.000229 0.000694 5.73e-05 5.99e-05 9.95e-05 3.09e-05 0.000262 0.000155 0.000109 4.89e-05 0.000157 0.000127 2.26e-05 9.76e-05 0.000255 0.000203 0.000211 2.74e-05 3.1e-05 2.31e-05 1.83e-05 4.06e-05 3.33e-05 3.02e-05 2.1e-05 2.96e-05 5.19e-05 4.88e-05 0.000417 6.41e-05 6.51e-05 6.11e-05 4.1e-05 7.03e-05 2.06e-05 0.00033 0.000304 0.00904
0.007689539 0.005324057 0.41 0.24 0.000216 0.000573 4.07e-05 6.06e-05 7.61e-05 5.32e-05 0.000235 0.000126 5.87e-05 4.98e-05 0.000399 7.99e-05 4.32e-05 0.000143 0.000361 0.000261 0.000225 5.99e-05 4.23e-05 4.45e-05 2.46e-05 1.85e-05 1.74e-05 1.74e-05 2.9e-05 5.08e-05 1.09e-05 1.11e-05 0.000409 8.99e-05 7.58e-05 0.000115 5.64e-05 0.00275 3.4e-05 0.000345 0.00035 0.01145
0.006807377 0.004194085 0.28 0.22 0.000116 7.22e-05 3.72e-05 3.54e-05 5.38e-05 3.53e-05 6.28e-05 9.9e-05 3e-05 3.11e-05 5.08e-05 3.94e-05 1.33e-05 7.85e-05 5.25e-05 2.55e-05 3.38e-05 3.63e-05 3.13e-05 8.61e-06 1.86e-05 2.96e-05 1.43e-05 2.62e-05 1.38e-05 2.57e-05 2.84e-05 1.72e-05 0.00039 6.92e-05 6.33e-05 1e-04 4.26e-05 5.89e-05 1.21e-05 0.000137 0.000123 0.00987
0.00883535 0.005943153 0.39 0.22 0.000198 8.8e-05 5.07e-05 4.45e-05 0.000114 4.09e-05 0.000384 2e-04 7.41e-05 5.46e-05 0.000105 6.03e-05 2.15e-05 6.21e-05 5.43e-05 2.9e-05 3.15e-05 1.62e-05 1.77e-05 7.79e-06 1.38e-05 2.77e-05 2.21e-05 1.59e-05 1.54e-05 2.01e-05 2.11e-05 2.45e-05 0.000227 0.000117 0.000119 0.000107 5.2e-05 4.88e-05 1.96e-05 8.81e-05 4.87e-05 0.01041
0.01713188 0.003682486 0.22 0.19 6.71e-05 2.49e-05 3.08e-05 2.22e-05 1.93e-05 1.67e-05 6.56e-05 9.59e-05 2.37e-05 1.81e-05 2.86e-05 2.4e-05 7.09e-06 5.42e-05 3.33e-05 2.42e-05 1.5e-05 5.44e-06 6.21e-06 5.69e-06 4.48e-06 9.45e-06 7.91e-06 1.2e-05 9.68e-06 1.44e-05 1.72e-05 1.99e-05 6.02e-05 7.26e-05 6.15e-05 2.53e-05 3.38e-05 4.34e-05 2.04e-05 3.45e-05 7.72e-05 0.00286
0.008449109 0.005337735 0.35 0.2 0.000158 0.000342 3.52e-05 4.18e-05 0.00012 5.16e-05 0.000212 0.000112 4.42e-05 8.94e-05 0.000166 5.51e-05 3.56e-05 6.28e-05 0.000176 2.22e-05 2.02e-05 2.4e-05 1.23e-05 2.06e-05 9.9e-06 1.65e-05 8.31e-06 2.03e-05 1.55e-05 1.65e-05 1.95e-05 1.12e-05 0.00014 3.29e-05 7.96e-05 5.24e-05 3.35e-05 5.96e-05 3.88e-05 4.77e-05 9.73e-05 0.01044
0.01974169 0.004573789 0.35 0.21 0.000177 0.000253 3.64e-05 5.72e-05 4.82e-05 2.35e-05 0.000223 0.000131 3.76e-05 8.25e-05 0.000143 0.000121 5.96e-05 7.03e-05 0.000197 0.000171 3.65e-05 4.57e-05 2.84e-05 2.04e-05 2.14e-05 2.82e-05 1.72e-05 2.43e-05 2.09e-05 2.67e-05 3.69e-05 3.9e-05 0.000486 7.79e-05 7.68e-05 6.39e-05 4.33e-05 0.00249 2.32e-05 0.000167 0.000258 0.01219
0.02736553 0.006273981 0.68 0.32 0.000158 0.00393 0.000176 8.05e-05 0.000212 6.3e-05 0.000306 0.000117 0.000231 5.99e-05 0.000303 0.000352 4.92e-05 0.000132 0.000563 0.000278 0.000239 0.000223 0.000193 0.000147 0.000151 0.000606 0.000405 0.000561 3.19e-05 0.000589 0.000365 0.000538 0.00181 0.000207 0.000568 0.000475 0.000114 0.000936 9.52e-05 0.000594 0.000348 0.01661
0.02268648 0.005162276 0.4 0.24 0.00035 0.00121 0.000111 0.000141 0.000217 8.84e-05 0.000606 0.000212 0.000211 5.34e-05 0.00119 0.000213 8.93e-05 0.000228 0.000122 6.88e-05 6.77e-05 5.06e-05 4.6e-05 2.69e-05 1.18e-05 1.75e-05 2.91e-05 2.13e-05 1.7e-05 1.58e-05 2.91e-05 4.86e-05 0.000338 4.21e-05 0.00021 0.000182 1.2e-05 3.04e-05 1.16e-05 0.00027 1.54e-05 0.00675
0.01081115 0.006430297 0.59 0.25 0.00317 0.00327 0.000179 0.000193 0.000625 0.000143 0.00336 0.000584 0.000415 0.000384 0.00135 0.000557 3.03e-05 5.82e-05 0.000263 0.000164 0.000174 0.000144 5.02e-05 0.000159 4.27e-05 0.000334 3.31e-05 5.05e-05 2.87e-05 5.8e-05 3.55e-05 0.000338 0.00115 0.000128 0.000392 0.000351 6.35e-05 0.000545 3.12e-05 0.000383 0.000228 0.01339
0.005666869 0.003766092 0.23 0.19 7.62e-05 2.7e-05 3.47e-05 1.9e-05 2.76e-05 1.39e-05 8.2e-05 0.000111 6.26e-05 3.7e-05 5.37e-05 5.51e-05 2.21e-05 2.6e-05 2.96e-05 2.75e-05 4.01e-05 2.42e-05 2.9e-05 2.28e-05 3.38e-05 2.35e-05 1.18e-05 1.9e-05 2e-05 2.16e-05 1.11e-05 1.89e-05 0.000111 4.58e-05 0.000118 7.26e-05 9.2e-05 2.65e-05 3.31e-05 4.2e-05 9.78e-05 0.00522
0.02044496 0.004555747 0.36 0.21 0.000137 7.08e-05 4.25e-05 4.58e-05 6.68e-05 2.92e-05 0.000118 0.000118 7.5e-05 3.41e-05 6.94e-05 8.32e-05 2.55e-05 4.55e-05 0.000171 0.000159 0.000146 3.14e-05 4.1e-05 5.89e-05 3.89e-05 2.8e-05 3.14e-05 2.88e-05 2.57e-05 3.78e-05 4.73e-05 3.19e-05 0.000135 5.54e-05 7.9e-05 4.84e-05 3.57e-05 4.62e-05 2.85e-05 3.69e-05 9.24e-05 0.01068
0.005773459 0.003644623 0.36 0.22 0.000131 0.000403 4.89e-05 7.68e-05 3.88e-05 1.67e-05 8.16e-05 0.000113 3.89e-05 1.72e-05 0.000109 6.24e-05 2.68e-05 4.96e-05 0.000265 0.000156 0.000149 4.57e-05 5.04e-05 2.96e-05 1.49e-05 5.51e-05 3.59e-05 3.64e-05 2.61e-05 3.55e-05 0.000298 4.29e-05 0.00165 0.000118 0.000463 0.000408 0.000105 0.000627 5.65e-05 0.000497 0.00028 0.01237
0.02047138 0.004979713 0.37 0.23 0.000111 0.000169 3.93e-05 4.5e-05 6.18e-05 2.87e-05 0.000121 0.000105 3.58e-05 3.67e-05 7.08e-05 0.000181 4.04e-05 5.55e-05 0.000227 0.000191 0.000154 5.04e-05 2.09e-05 2.34e-05 2.39e-05 4.71e-05 3.96e-05 3.38e-05 2.7e-05 2.21e-05 5.04e-05 3.86e-05 0.00137 0.000105 0.000401 0.000345 5.59e-05 0.000574 2.09e-05 0.000405 0.000219 0.0137
0.009736937 0.008132957 0.24 0.19 7.28e-05 3.25e-05 3.18e-05 3.95e-05 1.8e-05 1.61e-05 0.000111 0.00011 3.98e-05 2.78e-05 4.11e-05 4.94e-05 1.61e-05 2.99e-05 0.000155 3.86e-05 4.39e-05 1.72e-05 1.5e-05 1.38e-05 1.59e-05 7.02e-06 1.63e-05 3.53e-05 8.91e-06 1.37e-05 1.28e-05 2.52e-05 0.000179 9.51e-05 8.62e-05 5.58e-05 3.6e-05 2.08e-05 1.02e-05 2.1e-05 3e-05 0.01083
0.007814426 0.005064255 0.35 0.26 0.000323 0.000168 7.44e-05 0.000165 0.000128 6.56e-05 0.000329 0.000188 9.29e-05 4.56e-05 0.000162 0.00027 2.84e-05 0.00035 0.000279 4.91e-05 3.63e-05 2.24e-05 1.41e-05 2.94e-05 2.84e-05 5.13e-05 2.96e-05 3.12e-05 1.38e-05 2.51e-05 2.36e-05 3.44e-05 0.000764 0.000121 3.3e-05 0.000119 3.96e-05 5.35e-05 2.83e-05 0.000139 0.000423 0.01152
0.006143242 0.003919345 0.37 0.26 0.000163 7.32e-05 3.58e-05 6.12e-05 3.64e-05 2.3e-05 0.000247 0.000144 0.000179 2.75e-05 7.84e-05 0.000126 9.75e-06 0.000237 0.00025 5.8e-05 5.38e-05 1.04e-05 1.68e-05 1.68e-05 1.49e-05 4.99e-05 2.15e-05 2.87e-05 1.54e-05 1.25e-05 1.94e-05 3.52e-05 0.000684 0.000109 3.09e-05 8.29e-05 4.72e-05 4.4e-05 1.65e-05 6.75e-05 0.000133 0.0115
0.005751807 0.003938362 0.31 0.25 6.91e-05 3.19e-05 3.35e-05 4.21e-05 3.9e-05 2.34e-05 0.000118 0.000104 3.31e-05 2.68e-05 4.41e-05 3.85e-05 1.63e-05 5.13e-05 4.15e-05 2.21e-05 2.52e-05 1.27e-05 7.5e-06 1.22e-05 1.1e-05 1.83e-05 1.24e-05 1.75e-05 2.63e-06 6.69e-06 6.86e-06 1.38e-05 4.79e-05 7.41e-06 4.37e-05 1.38e-05 3.69e-06 2.51e-05 2.62e-06 0.000199 2.06e-05 0.00234
0.007074371 0.004060526 0.36 0.26 0.000314 9.11e-05 4.94e-05 8.57e-05 7.72e-05 2.96e-05 0.000448 0.00018 7.41e-05 5.88e-05 3.94e-05 7.73e-05 2.85e-05 5.69e-05 3.13e-05 3.65e-05 5.89e-05 2.75e-05 2.24e-05 1.32e-05 7.69e-06 1.83e-05 1.5e-05 2.37e-05 1.12e-05 1.38e-05 2.08e-05 2.4e-05 0.000415 1.38e-05 4.54e-05 4.82e-05 7.3e-06 8.57e-05 1.89e-05 0.000146 5.03e-05 0.00276
0.01774865 0.004008866 0.33 0.26 0.000104 7.96e-05 3.41e-05 5.45e-05 4.2e-05 1.98e-05 0.000191 0.000127 7.25e-05 1.84e-05 5.29e-05 5.69e-05 2.47e-05 0.000271 7.16e-06 3.46e-05 3.67e-05 2.85e-05 2.01e-05 3.02e-05 4.15e-05 5.22e-05 3.38e-05 3.66e-05 5.21e-05 0.00014 3.69e-05 5.67e-05 0.000134 4.69e-05 4.35e-05 4.39e-05 4.9e-05 3.65e-05 7.97e-06 0.000102 3.62e-05 0.00364
0.005373802 0.002961938 0.29 0.25 0.000182 5.51e-05 4.92e-05 7.16e-05 8.94e-05 5.23e-05 0.000155 0.000119 4.48e-05 4.5e-05 4.74e-05 5.35e-05 1.9e-05 3.82e-05 2.56e-05 2.74e-05 2.36e-05 1.44e-05 1.39e-05 3.82e-05 5.76e-06 1.57e-05 1.06e-05 1.04e-05 1.78e-05 1.73e-05 1.81e-05 1.94e-05 0.000165 2.22e-05 0.000207 6.56e-05 3.19e-05 2.72e-05 1.59e-05 0.000146 5.29e-05 0.00234
0.007266989 0.004698063 0.45 0.28 0.000343 0.000566 0.000118 0.000127 0.000308 0.000175 0.00049 0.000168 0.000147 6.22e-05 9.38e-05 0.000141 4.82e-05 0.00037 7.93e-05 5.45e-05 5.15e-05 5.11e-05 5e-05 4.46e-05 1.98e-05 1.87e-05 4.61e-05 6.07e-05 5.01e-05 4.13e-05 3.89e-05 3.99e-05 0.00114 0.000235 0.000484 0.000496 0.000119 0.00142 0.000101 0.000603 0.00174 0.00345
0.005864491 0.003907339 0.34 0.27 0.000332 0.000309 7.35e-05 0.000187 9.75e-05 5e-05 0.000229 0.000163 9.33e-05 2.86e-05 5.69e-05 7.63e-05 4.29e-05 0.000375 7.63e-05 5.88e-05 5.28e-05 4.3e-05 5.96e-05 5.25e-05 5.13e-05 3.61e-05 2.03e-05 6.2e-05 5.72e-05 3.42e-05 4.1e-05 5.81e-05 0.000679 0.000126 0.000336 0.00027 5.28e-05 0.000769 5.29e-05 0.000357 0.00109 0.00276
0.01680179 0.00335559 0.34 0.25 0.00031 0.000118 5.05e-05 9.77e-05 0.000127 3.64e-05 0.000609 0.000222 0.000105 4.79e-05 0.000103 0.000178 2.01e-05 0.000304 6.16e-05 4.69e-05 5.39e-05 3.73e-05 2.65e-05 4.2e-05 2.09e-05 3.85e-05 1.3e-05 1.84e-05 5.48e-05 3.44e-05 4.86e-05 2.36e-05 6.39e-05 3.07e-05 6.76e-05 2.8e-05 2.51e-05 3.46e-05 1.74e-05 6.68e-05 4.84e-05 0.00307
0.01956809 0.003787808 0.31 0.25 0.000189 5.42e-05 4.44e-05 4.79e-05 0.000105 7.74e-05 0.000475 0.000167 3.93e-05 3.62e-05 6.47e-05 7.13e-05 1.55e-05 5.51e-05 4.19e-05 1.58e-05 3.67e-05 4.31e-05 3.43e-05 3.1e-05 1.51e-05 1.7e-05 2.27e-05 2.4e-05 1.94e-05 1.62e-05 1.35e-05 2.04e-05 0.000127 3.34e-05 0.000111 1e-04 3.64e-05 4.83e-05 1.06e-05 7.54e-05 2.99e-05 0.00261
0.00619203 0.003939078 0.29 0.25 0.000188 6.21e-05 3.87e-05 8.85e-05 6.69e-05 2.99e-05 0.000245 0.000139 5.67e-05 4.04e-05 4.16e-05 5.1e-05 2.76e-05 5.97e-05 4.22e-05 4.37e-05 5.88e-05 1.62e-05 1.74e-05 3.83e-05 2.41e-05 3.8e-05 2.24e-05 1.82e-05 2.07e-05 2.28e-05 2.79e-05 2.22e-05 0.000101 2.4e-05 8.36e-05 6.14e-05 2.02e-05 4.14e-05 9.14e-06 5.55e-05 3.78e-05 0.0027
0.006196016 0.003980756 0.28 0.25 7.64e-05 2.78e-05 3.34e-05 3.03e-05 4.41e-05 1.05e-05 0.000118 0.000103 3.58e-05 3.49e-05 5.33e-05 2.33e-05 2.21e-05 4.21e-05 5.37e-05 5.64e-05 5.08e-05 5.62e-05 5.11e-05 5.86e-05 2.71e-05 5.13e-05 2.08e-05 2.74e-05 1.49e-05 1.88e-05 1.54e-05 1.98e-05 3.93e-05 9.34e-06 1.97e-05 1.57e-05 6.45e-06 1.29e-05 6.67e-06 3.3e-05 1.23e-05 0.00239
0.006365181 0.004310334 0.31 0.26 7.07e-05 3.5e-05 3.48e-05 3.59e-05 7.93e-05 5.12e-05 0.000171 0.000123 5.77e-05 4.54e-05 4.73e-05 5.93e-05 4.17e-05 0.000405 9.66e-05 6.68e-05 6.31e-05 5.17e-05 5.69e-05 4.54e-05 6.13e-05 5.34e-05 4.69e-05 1.81e-05 4.61e-05 4.23e-05 4.47e-05 3.5e-05 0.000132 2.8e-05 8e-05 2.92e-05 3.1e-05 2.46e-05 1.29e-05 8.31e-05 2.9e-05 0.0026
0.00714356 0.004276369 0.33 0.26 0.000165 8.85e-05 3.93e-05 4.86e-05 8.95e-05 2.98e-05 0.000657 0.000217 0.000144 2.17e-05 0.000137 6.95e-05 1.61e-05 0.000107 7.05e-05 2.72e-05 2.99e-05 1.34e-05 1.1e-05 5.97e-06 3.75e-06 1.39e-05 9.3e-06 1.09e-05 7.49e-06 8.3e-06 1.38e-05 1.6e-05 8.19e-05 5.3e-06 1.44e-05 9.83e-06 7.29e-06 7.8e-06 5.65e-06 1.99e-05 1.21e-05 0.00577
0.008176088 0.004990233 1e-04 0.26 0.000146 0.000111 4.91e-05 5.49e-05 0.000105 5.48e-05 0.000305 0.00015 9.57e-05 5.74e-05 5.8e-05 4.08e-05 3.52e-05 0.000378 6.5e-05 5.23e-05 2.98e-05 1.98e-05 3.24e-05 5.15e-05 1.74e-05 5.27e-05 5.2e-05 5.97e-05 4.58e-05 4.5e-05 2.77e-05 0.000283 0.000609 3.51e-05 0.000212 5.09e-05 3.78e-05 0.000758 3.01e-05 7.17e-05 5.93e-05 0.00313
0.007793449 0.005796027 0.32 0.26 0.000183 0.000176 4.3e-05 6.22e-05 0.000102 4.31e-05 0.000566 0.000211 5.8e-05 5.97e-05 5.74e-05 0.000101 1.96e-05 3.74e-05 2.75e-05 7.82e-06 7.43e-06 1.48e-05 1.39e-05 1.97e-05 2.02e-05 2.9e-05 1.35e-05 1.95e-05 2.4e-05 1.07e-05 1.73e-05 2.19e-05 8.58e-05 3.52e-05 7.6e-05 5.14e-05 3.23e-05 4.43e-05 1.72e-05 6.49e-05 5.03e-05 0.00692
0.007911773 0.00526513 0.34 0.26 0.000177 0.000107 5.36e-05 5.82e-05 0.00014 5.13e-05 0.000726 0.000202 6.62e-05 6.49e-05 0.000108 0.00013 3.08e-05 1.91e-05 3.01e-05 9.83e-06 2.14e-05 1.94e-05 1.42e-05 2.01e-05 9.22e-06 2.01e-05 1.87e-05 2.25e-05 2.6e-05 2.36e-05 1.82e-05 2.38e-05 7.28e-05 3.05e-05 6.81e-05 2.69e-05 4.95e-05 3.67e-05 2.03e-05 6.58e-05 4.36e-05 0.00699
0.007821308 0.005036022 0.36 0.26 0.000226 0.000146 5.44e-05 6.32e-05 0.000109 4.41e-05 0.0017 0.000214 6.85e-05 0.000114 0.000144 0.000154 4.1e-05 2.05e-05 0.000339 2.71e-05 2.1e-05 1.69e-05 1.64e-05 2.62e-05 2.19e-05 4.09e-05 3.09e-05 5.11e-05 3.77e-05 4e-05 2.96e-05 3.82e-05 0.000105 5.16e-05 0.000103 7.93e-05 7.46e-05 8.95e-05 5.29e-05 7.01e-05 4.85e-05 0.00755
0.008429462 0.006674174 0.31 0.26 0.000315 0.000246 5.63e-05 0.000122 8.55e-05 3.53e-05 0.000498 0.000179 6.65e-05 0.000107 7.73e-05 0.000119 3.6e-05 2.78e-05 1.81e-05 1.47e-05 1.02e-05 1.91e-05 1.5e-05 2.9e-05 1.29e-05 3.21e-05 2.54e-05 2.28e-05 3.67e-05 2.87e-05 3.06e-05 3.25e-05 0.000189 7.06e-05 0.000121 5.75e-05 2.51e-05 9.71e-05 2.56e-05 6.97e-05 7.12e-05 0.00766
0.007644355 0.005429191 0.34 0.25 0.000253 2e-04 5.25e-05 5.45e-05 0.000132 7.2e-05 0.00152 0.000156 5.3e-05 6.88e-05 0.000153 0.000132 3.4e-05 5.05e-05 0.000354 2.26e-05 2.49e-05 2.48e-05 2.87e-05 2.42e-05 3.51e-05 3.64e-05 2.64e-05 3.64e-05 5.59e-05 3.7e-05 3.55e-05 1.15e-05 4.94e-05 4.67e-05 6.2e-05 3.69e-05 3.06e-05 4.49e-05 1.32e-05 5.89e-05 2.05e-05 0.0063
0.05314242 0.004959237 0.36 0.27 0.000242 0.000453 7.31e-05 9.38e-05 9.84e-05 4.93e-05 0.000379 0.000142 0.000118 7.41e-05 0.000176 8.3e-05 5.5e-05 2.17e-05 0.000461 4.66e-05 5.43e-05 0.000317 2.89e-05 4.16e-05 4.97e-05 5.41e-05 5.44e-05 5.55e-05 4.02e-05 7.14e-05 5.99e-05 7.1e-05 0.000109 7.85e-05 9.8e-05 0.000109 5.67e-05 8.03e-05 2.18e-05 0.000108 0.000133 0.00722
0.007194172 0.004761955 0.38 0.27 0.000204 0.000364 6.18e-05 6.75e-05 0.000113 7.39e-05 0.000277 0.000152 0.000119 0.000123 0.00016 9.46e-05 4.98e-05 2.39e-05 0.000475 0.000332 6.01e-05 2.27e-05 2.41e-05 3.69e-05 2.03e-05 0.000459 0.000407 0.000459 3.89e-05 5.05e-05 7e-05 5.58e-05 0.000365 5.05e-05 9.97e-05 8.32e-05 8.97e-05 2.73e-06 1.95e-05 6.04e-05 6.56e-05 0.00676
0.006402555 0.004259211 0.37 0.26 0.000319 0.000401 8.99e-05 0.000105 8.47e-05 3.29e-05 0.000721 0.00018 0.00012 0.000204 0.000166 0.00025 1.75e-05 2.4e-05 4.35e-05 2.72e-05 2.01e-05 5.25e-05 1.48e-05 4.59e-05 4.56e-05 5.26e-05 3.63e-05 5.27e-05 5.16e-05 5.52e-05 2.74e-05 5.06e-05 0.000176 6.27e-05 9.28e-05 4.48e-05 4.13e-05 4.92e-05 8.32e-06 8.69e-05 3.7e-05 0.00798
0.008342549 0.005610486 0.52 0.26 4e-04 4.77e-05 4.85e-05 0.000171 7.35e-05 1.83e-05 0.000141 0.000109 3.85e-05 8.41e-05 0.000173 0.000331 6.54e-05 0.000177 2e-05 0.000126 1.57e-05 7.85e-05 5.53e-05 4.15e-05 3.63e-05 6.49e-05 5.15e-05 7.5e-05 2.78e-05 3.75e-05 4.73e-05 6.87e-05 0.000108 8.41e-06 8e-05 4.01e-05 1.12e-05 8.05e-05 1.17e-05 9.57e-05 0.000132 0.0014
0.00772135 0.004583896 0.37 0.26 0.000584 0.000194 7.22e-05 0.000199 0.000291 0.000129 0.000536 0.000273 0.000296 0.000121 0.000504 0.00026 2.21e-05 0.000127 1.53e-05 5.86e-05 7.03e-05 4.29e-05 4.01e-05 3.05e-05 2.44e-05 3.06e-05 2.41e-05 5.05e-05 2.32e-05 2.34e-05 3.31e-05 2.17e-05 6.84e-05 1.14e-05 0.000207 1.9e-05 2.07e-05 3.4e-05 2.57e-06 5.55e-05 8.71e-05 0.00139
0.006921577 0.00410321 0.34 0.26 0.000537 0.000557 0.000148 0.00015 0.000253 9.99e-05 0.000455 0.000219 0.000217 0.000181 0.000175 0.000178 1.82e-05 0.000129 6.38e-05 3.21e-05 3.58e-05 1.93e-05 2.01e-05 1.79e-05 8.7e-06 1.62e-05 1.42e-05 2.7e-05 1.01e-05 1.06e-05 1.68e-05 1.9e-05 0.000156 2.4e-05 0.000136 5.87e-05 2.45e-05 0.000112 1.82e-05 0.00014 0.000121 0.00134
0.02777417 0.005863906 0.51 0.26 0.000138 0.000152 5.46e-05 4.26e-05 0.000103 6.79e-05 0.000149 0.000113 6.11e-05 6.52e-05 5.76e-05 6.19e-05 1.67e-05 0.000125 1.64e-05 3.91e-05 3.13e-05 2.63e-05 2.49e-05 1.52e-05 9.55e-06 9.06e-06 6.49e-06 1.42e-05 8.3e-06 1.33e-05 1.53e-05 1.51e-05 4.24e-05 1.84e-05 4.3e-05 2.03e-05 1.94e-05 1.57e-05 3.37e-06 2.11e-05 3.17e-05 0.00967
0.007668944 0.005159491 0.36 0.27 0.000386 0.000188 6.72e-05 0.000104 0.000214 5.56e-05 0.000678 0.000207 0.000199 0.000124 0.000134 0.000137 1.89e-05 0.000153 2.01e-05 1.57e-05 1.49e-05 2.02e-05 2.09e-05 2.66e-05 1.79e-05 1.95e-05 9.64e-06 3.81e-05 1.7e-05 2.24e-05 1.98e-05 2.79e-05 5.2e-05 2.62e-05 2e-04 4.86e-05 3.2e-05 1.53e-05 1.57e-05 4.76e-05 3.96e-05 0.00146
0.009447731 0.006107999 0.44 0.26 0.000252 0.000138 4.73e-05 7.67e-05 8.17e-05 5.03e-05 0.000133 0.000116 4.25e-05 4.48e-05 9.72e-05 6.53e-05 5e-05 0.000142 0.000117 7.05e-05 6.17e-05 5.13e-05 3.85e-05 3.95e-05 1.93e-05 2.85e-05 2.58e-05 3.88e-05 1.78e-05 1.75e-05 4.25e-05 2.42e-05 0.000139 1.75e-05 0.000129 4.11e-05 1.58e-05 5.52e-05 1.56e-05 8.3e-05 6.54e-05 0.00872
0.008604444 0.005155585 0.5 0.27 0.000177 0.000876 9.96e-05 7.58e-05 0.000107 3.39e-05 0.000142 0.000127 5.81e-05 6.64e-05 0.000111 0.000101 0.000143 0.000234 2.47e-05 1.67e-05 1.53e-05 1.29e-05 1.47e-05 8.42e-06 7.8e-06 2.22e-05 1.93e-05 2.67e-05 1.2e-05 1.2e-05 2.12e-05 2.18e-05 5.6e-05 9.02e-06 0.00024 1.2e-05 7.96e-06 0.000577 1.14e-05 5.4e-05 7.23e-05 0.0023
0.007328184 0.004902057 0.38 0.26 0.000223 0.000167 4.89e-05 6.03e-05 0.000126 3.96e-05 0.00026 0.000138 9.66e-05 6.23e-05 7.86e-05 0.000117 8.97e-05 0.000128 1.69e-05 7.89e-05 6.45e-05 2.52e-05 3.16e-05 2.9e-05 1.92e-05 4.47e-05 3.84e-05 4.33e-05 2.41e-05 1.92e-05 5.78e-05 4.02e-05 0.000255 3.5e-05 0.000207 9.66e-05 3.26e-05 0.000189 5.36e-05 0.000148 8.33e-05 0.00429
0.008285379 0.005171017 0.49 0.27 0.000168 0.000156 4.45e-05 5.22e-05 8.58e-05 3.54e-05 9.95e-05 0.000103 4.17e-05 3.76e-05 6.43e-05 3.54e-05 2.34e-05 7.64e-05 8.53e-05 4.74e-05 3.24e-05 2.43e-05 2.44e-05 8.58e-06 1.04e-05 2.57e-05 1.91e-05 2.74e-05 1.73e-05 1.08e-05 1.83e-05 2.72e-05 4.27e-05 7.11e-06 3.56e-05 8.97e-06 9.21e-06 7.1e-06 6.53e-06 3.08e-05 2.32e-05 0.0179
0.008598655 0.005473169 0.37 0.26 0.000348 0.000313 4.73e-05 8.95e-05 0.000181 6.92e-05 0.000505 0.00017 0.000138 9.34e-05 8.17e-05 0.000102 1.34e-05 3.39e-05 2.49e-05 2.43e-05 1.48e-05 4.91e-06 6.48e-06 1.09e-05 1.15e-05 3.96e-06 4.59e-06 1.15e-05 5.69e-06 6.6e-06 8.28e-06 7.6e-06 9.77e-05 2.02e-05 7.75e-05 3.77e-05 2.57e-05 3.19e-05 4.16e-06 3.7e-05 3.32e-05 0.00474
0.007993082 0.005122127 0.39 0.26 0.000166 0.000618 4.75e-05 5.64e-05 0.000129 4.41e-05 0.000186 0.000118 0.000142 5.09e-05 8.81e-05 7.56e-05 5.93e-06 2.72e-05 4.89e-05 2.53e-05 2.86e-05 2.13e-05 1.06e-05 2.29e-05 1.46e-05 1.03e-05 5.71e-06 8.67e-06 6.8e-06 4.1e-06 9.96e-06 9.47e-06 4.39e-05 1.3e-05 3.99e-05 1.39e-05 1.24e-05 1.19e-05 4.45e-06 2.75e-05 3.2e-05 0.00535
0.006525542 0.004143857 0.35 0.27 0.000105 0.000344 5.4e-05 4.94e-05 8.48e-05 4.21e-05 0.000107 0.000104 4.57e-05 2.31e-05 5.42e-05 6.55e-05 7.22e-06 4.32e-05 4.51e-05 3.48e-05 3.45e-05 2.74e-05 2.41e-05 1.5e-05 7.04e-06 1.12e-05 1.1e-05 1.48e-05 1.43e-05 1.12e-05 1.91e-05 2.01e-05 9.23e-05 2.43e-05 6.35e-05 2.39e-05 3.02e-05 2.94e-05 4.25e-06 4.2e-05 3.79e-05 0.0023
0.01001651 0.005682977 0.41 0.27 0.000186 5.42e-05 3.92e-05 5.53e-05 0.00016 7.51e-05 0.000125 0.00013 4e-05 0.000121 9.83e-05 6.91e-05 4.25e-05 5.09e-05 0.000106 1.71e-05 1.88e-05 1.5e-05 2.01e-05 3.88e-05 2.81e-05 1.6e-05 2.97e-05 2.91e-05 1.88e-05 1.6e-05 2.92e-05 2.62e-05 0.000146 4.66e-05 8.7e-05 4.83e-05 7.89e-05 1.63e-05 1.28e-05 2.13e-05 1.77e-05 0.00716
0.00808759 0.00537072 0.38 0.28 0.000189 0.000315 6.27e-05 8.31e-05 0.000137 6.29e-05 0.000199 0.000138 8.8e-05 4.7e-05 0.000185 7.46e-05 3.57e-05 4.13e-05 0.000114 3.95e-05 3.86e-05 4.11e-05 2.49e-05 6.33e-06 2.05e-05 3.35e-05 2.12e-05 3.41e-05 1.88e-05 1.06e-05 2.5e-05 2.15e-05 0.000114 3.93e-05 0.000487 5.55e-05 3.97e-05 4.08e-05 1.33e-05 0.000113 4.71e-05 0.00632
0.02155849 0.004661491 0.32 0.26 4.58e-05 6e-05 3.53e-05 2.99e-05 3.3e-05 1.74e-05 9.84e-05 0.000101 4.74e-05 1.94e-05 4.74e-05 3.07e-05 1.67e-05 3.79e-05 5.29e-05 2.87e-05 1.47e-05 1.83e-05 1.39e-05 9.03e-06 9.23e-06 1.84e-05 1.07e-05 2.12e-05 5.75e-06 9.33e-06 8.53e-06 9.15e-06 8.7e-05 1.57e-05 5.95e-05 2.59e-05 1.14e-05 1.42e-05 3.68e-06 5.78e-05 4.01e-05 0.00286
0.008692304 0.005162831 0.46 0.27 0.000225 0.000297 6.05e-05 9.77e-05 0.000167 9.04e-05 0.000487 0.000139 4.94e-05 3.39e-05 8.85e-05 6.03e-05 2.31e-05 5.06e-05 0.000147 0.000102 5.89e-05 3.66e-05 2.74e-05 2.33e-05 1.29e-05 1.8e-05 1.64e-05 3.19e-05 1.21e-05 8.14e-06 4.2e-05 3.81e-05 0.000139 2.05e-05 0.000107 3.6e-05 2e-05 4.64e-05 9.46e-06 0.00012 6.82e-05 0.00222
0.0217524 0.005486319 0.5 0.3 5.4e-05 0.000457 7.47e-05 4.24e-05 8.56e-05 5.42e-05 5.13e-05 9.82e-05 4.91e-05 2.53e-05 0.000131 5.8e-05 4.97e-05 0.000142 0.000322 0.000179 0.000177 0.000133 0.000114 0.000109 5.85e-05 6.39e-05 6.72e-05 6.13e-05 5.59e-05 0.000123 9.72e-05 9.44e-05 0.000153 8.36e-05 0.000597 0.000541 3.1e-05 0.000483 3.14e-05 0.00027 0.000137 0.00271
0.009512529 0.006022725 0.4 0.26 5.48e-05 9.96e-05 3.56e-05 2.69e-05 9.61e-05 3.49e-05 0.000124 0.000105 5.25e-05 2.88e-05 8.28e-05 4.67e-05 3.23e-05 0.000146 0.000108 4.69e-05 4.03e-05 2.93e-05 1.59e-05 1.42e-05 2.01e-05 2.04e-05 1.8e-05 2.33e-05 1.37e-05 2.35e-05 2.66e-05 2.2e-05 0.000149 3.09e-05 8.66e-05 2.74e-05 1.1e-05 3.98e-05 1e-05 4.78e-05 2.59e-05 0.00213
0.006254066 0.005103487 0.37 0.27 0.000222 0.000674 7.06e-05 6.5e-05 7.06e-05 2.64e-05 0.000174 0.000107 6.6e-05 3.17e-05 7.28e-05 0.000109 0.00011 0.000156 7.01e-05 5.83e-05 4.83e-05 5.07e-05 4.5e-05 1.94e-05 3.34e-05 0.000162 4.7e-05 0.000176 3.32e-05 3.1e-05 9.22e-05 5.95e-05 0.000195 3.32e-05 0.000296 7.2e-05 4.54e-05 0.000101 1.14e-05 4.08e-05 5.33e-05 0.00232
0.02307070 0.00464369 0.36 0.27 0.000262 0.000208 3.86e-05 8.83e-05 0.000137 7.8e-05 0.000299 0.00013 2.58e-05 2.37e-05 6.35e-05 7.13e-05 2.3e-05 0.00013 6.54e-05 5.89e-05 5.68e-05 4.43e-05 3.81e-05 4.04e-05 2e-05 4.38e-05 4.21e-05 0.000161 2.44e-05 2.22e-05 4.04e-05 4.77e-05 6.63e-05 1.87e-05 6.04e-05 2.92e-05 3.18e-05 1.01e-05 2.32e-05 2.28e-05 3.09e-05 0.00229
0.01919398 0.004536255 0.33 0.26 8.79e-05 6.25e-05 4e-05 3.76e-05 7.24e-05 4.82e-05 0.000162 9.81e-05 7.4e-05 1.79e-05 5.19e-05 3.6e-05 9.09e-05 0.000171 7.3e-05 5.08e-05 3.71e-05 1.69e-05 2.1e-05 2.28e-05 1.26e-05 4.32e-05 5.18e-05 5.78e-05 2.48e-05 1.98e-05 2.59e-05 5.07e-05 5.57e-05 2.4e-05 5.95e-05 3.77e-05 2.14e-05 2.49e-05 1.01e-05 2.78e-05 1.28e-05 0.00214
0.006758111 0.004362117 0.33 0.27 9.93e-05 7.75e-05 3.64e-05 4.87e-05 9.01e-05 4.2e-05 0.000171 0.000106 4.99e-05 2.06e-05 5.04e-05 7.8e-05 3.81e-05 0.000104 5.12e-05 3.27e-05 3.54e-05 1.19e-05 1.15e-05 1.31e-05 2.43e-05 3.65e-05 2.17e-05 5.42e-05 1.16e-05 1.75e-05 9.1e-06 1.26e-05 0.00135 0.00013 0.000362 0.000327 0.000287 7.05e-05 6.94e-06 4.74e-05 7.98e-05 0.00228
0.02040500 0.003796115 0.3 0.26 0.00013 5.53e-05 3.7e-05 3.88e-05 6.89e-05 2.97e-05 0.000245 0.000107 5.16e-05 1.42e-05 4.05e-05 5.68e-05 4.05e-05 9.69e-05 4.81e-05 9.34e-06 2.41e-05 1.42e-05 1.05e-05 1.27e-05 3.22e-05 1.54e-05 1.93e-05 1.46e-05 1.2e-05 1.94e-05 7.36e-06 1.96e-05 6.46e-05 6.76e-05 4.46e-05 2.2e-05 3.38e-05 7.65e-06 9.41e-06 1.35e-05 4.83e-06 0.00206
0.006037362 0.004305446 0.37 0.27 8.11e-05 6.66e-05 3.7e-05 3.71e-05 7.62e-05 4.13e-05 0.000179 0.00011 7.58e-05 2.26e-05 7.23e-05 0.00014 5.63e-05 0.000134 8.26e-05 2.45e-05 3.03e-05 3e-05 3.88e-05 2.32e-05 2.72e-05 1.93e-05 1.73e-05 2.56e-05 1.79e-05 3.06e-05 3.63e-05 3.39e-05 2.42e-05 2.69e-05 3.28e-05 3.14e-05 1.92e-05 1.58e-05 7.59e-06 1.31e-05 8.25e-06 0.00255
0.00608538 0.003993531 0.36 0.27 9.93e-05 7e-05 3.94e-05 4.57e-05 6.46e-05 2.98e-05 0.000104 0.000105 7.38e-05 1.93e-05 5.96e-05 9.06e-05 9.94e-05 0.000152 7.25e-05 3.2e-05 2.03e-05 3.53e-05 9.11e-06 2.73e-05 2.05e-05 4.11e-05 3.09e-05 3.98e-05 2.94e-05 1.06e-05 1.27e-05 2.03e-05 0.000235 3.37e-05 0.000282 7.11e-05 6.92e-05 3.81e-05 5.27e-06 4.53e-05 0.000435 0.00294
0.007028991 0.005381245 0.37 0.27 8.67e-05 0.000226 4.75e-05 4.31e-05 6.81e-05 3.46e-05 0.000142 0.000101 4.93e-05 2.52e-05 5.19e-05 5.76e-05 4.56e-05 0.000173 7.89e-05 4.75e-05 4.99e-05 4.18e-05 3.12e-05 5.12e-06 7.64e-06 5.25e-05 0.000166 3.14e-05 2.91e-05 1.53e-05 4.09e-05 2.9e-05 0.00014 4.14e-05 0.00028 8.03e-05 4.94e-05 1.73e-05 9.26e-06 0.000108 7.98e-05 0.00258
0.02852644 0.005174894 0.53 0.28 0.000122 0.000128 4.88e-05 5.59e-05 8.36e-05 4.52e-05 0.000193 0.00012 7.84e-05 2.25e-05 0.000109 0.000124 5.45e-05 0.000145 6.7e-05 4.87e-05 5.02e-05 4.23e-05 2.19e-05 2.26e-05 1.14e-05 3.28e-05 4.51e-05 5.18e-05 1.53e-05 2.34e-05 2.33e-05 2.82e-05 0.000278 4.24e-05 0.000333 0.000307 7.55e-05 0.000626 3.74e-05 0.000211 0.000443 0.00322
0.02307643 0.004278797 0.33 0.26 0.000147 0.000259 5.35e-05 5.78e-05 6.74e-05 2.8e-05 0.000331 0.000175 0.00011 3.49e-05 0.00011 0.00012 1.24e-05 4.81e-05 3.03e-05 2.98e-05 2.13e-05 2.72e-05 2.01e-05 1.77e-05 2.3e-05 9.94e-06 1.24e-05 1.56e-05 1.58e-05 1.83e-05 1.71e-05 1.39e-05 0.000471 9.24e-05 1.79e-05 1.11e-05 6.17e-05 1.82e-05 1.76e-05 9.78e-05 9.07e-05 0.00206
0.0105073 0.006821272 0.89 0.31 0.000276 0.000415 0.000176 0.000112 0.00026 0.000114 0.000414 0.000161 0.000295 8.12e-05 8.46e-05 0.000191 0.000171 0.00038 0.00015 8.09e-05 5.93e-05 7.2e-05 6.34e-05 4.35e-05 3.94e-05 4.39e-05 3.94e-05 6.09e-05 5.05e-05 5.34e-05 0.000317 0.000297 0.000808 0.00032 3.8e-05 3.5e-05 1.16e-05 0.00225 0.000183 2.98e-05 0.000993 0.00431
0.02286764 0.004510105 0.45 0.27 0.000215 0.000659 6e-05 5.9e-05 9.76e-05 3.96e-05 0.00063 0.000155 8.22e-05 3.7e-05 8.84e-05 0.000154 3.57e-05 0.000109 6.14e-05 3.55e-05 3.22e-05 1e-05 1.69e-05 2.16e-05 1.16e-05 4.27e-05 1.9e-05 5.44e-05 3.99e-05 5.13e-05 3.21e-05 5.52e-05 0.000208 6.98e-05 1.68e-05 8.6e-05 9.81e-05 1.83e-05 1.42e-05 8.07e-05 0.000117 0.00278
0.01792787 0.003644637 0.33 0.26 7.08e-05 7.48e-05 3.66e-05 3e-05 3.71e-05 2.27e-05 0.00023 0.000113 6.71e-05 2.88e-05 9.08e-05 5.71e-05 2.77e-05 0.000132 5.32e-05 3.05e-05 2.74e-05 2.33e-05 1.55e-05 1.06e-05 9.39e-06 1.5e-05 1.18e-05 2.83e-05 1.38e-05 2.71e-05 3.64e-05 3.2e-05 0.000128 3.25e-05 7.51e-05 5.3e-05 0.000115 2.01e-05 1.06e-05 5.63e-05 3.35e-05 0.00237
0.03402641 0.0038815 0.49 0.27 0.000156 0.000175 5.35e-05 6.25e-05 9.35e-05 4.3e-05 0.000486 0.00019 0.000153 3.69e-05 0.000209 9.39e-05 0.000114 0.000225 9.62e-05 6.53e-05 4.4e-05 5.53e-05 5.35e-05 2.87e-05 3.03e-05 2.98e-05 3.19e-05 2.97e-05 3.83e-05 5.42e-05 3.85e-05 0.000243 0.000203 4.29e-05 1.7e-05 1.05e-05 7.98e-05 2.92e-05 8.72e-06 7.22e-05 0.000139 0.00269
0.006901445 0.00401694 0.4 0.2 0.000165 0.000235 7.16e-05 7.97e-05 9.94e-05 6.02e-05 0.00054 0.000168 0.00014 2.98e-05 0.000126 6.68e-05 5.64e-05 0.000144 7.23e-05 3.91e-05 5.17e-05 2.26e-05 1.08e-05 2.54e-05 2.63e-05 5.45e-05 4.58e-05 4.19e-05 2.97e-05 3.4e-05 3.61e-05 3.36e-05 0.000303 8.18e-05 1.69e-05 1.11e-05 8.85e-05 3.62e-05 9.96e-06 0.000157 9.66e-05 0.00268
0.02237455 0.004828823 0.28 0.21 0.000135 4.03e-05 3.71e-05 7.73e-05 4.29e-05 2.28e-05 0.000225 0.000153 4.18e-05 3.8e-05 5.32e-05 4.79e-05 1.56e-05 0.00013 5.94e-05 3.93e-05 6.47e-06 9.59e-06 1.59e-05 1.14e-05 1.02e-05 1.71e-05 2.34e-05 2.01e-05 1.72e-05 2.11e-05 2.27e-05 4.32e-05 7.31e-05 3.74e-05 5.62e-05 5.91e-05 3.85e-05 3.12e-06 5.96e-06 4.41e-05 3.44e-05 0.00286
0.007263587 0.005466842 0.34 0.21 0.000285 9.05e-05 4.79e-05 0.000157 8.12e-05 3.09e-05 0.000319 0.000182 0.000133 5.97e-05 6.7e-05 8.07e-05 2.89e-05 0.00011 5.73e-05 2.54e-05 8.81e-06 9.89e-06 2.24e-05 8.18e-06 4.77e-06 3.61e-05 1.99e-05 1.98e-05 1.59e-05 1.89e-05 8.72e-06 1.22e-05 0.000233 4.19e-05 0.00012 8.68e-05 3.26e-05 2.66e-05 6.71e-06 3.4e-05 0.000109 0.00219
0.006161994 0.004171522 0.27 0.19 0.000168 4.76e-05 3.82e-05 0.000111 4.51e-05 1.84e-05 0.000168 0.000165 3.45e-05 1.4e-05 6.38e-05 5e-05 1.34e-05 2.64e-05 2.33e-05 1.12e-05 1.83e-05 1.21e-05 8.76e-06 6.1e-06 5.46e-06 1.36e-05 1.23e-05 1.54e-05 1.01e-05 1.17e-05 1e-05 1.12e-05 0.000332 5.03e-05 1.64e-05 0.000119 4.05e-05 9.7e-06 1.15e-05 2.62e-05 1.85e-05 0.00191
0.006678784 0.00452176 0.31 0.19 0.000252 7.6e-05 3.93e-05 0.000163 6.46e-05 2.48e-05 0.000234 0.000145 6.36e-05 2.84e-05 6.52e-05 4.61e-05 2.16e-05 0.000149 6.8e-05 3.42e-05 2.64e-05 7.68e-06 7.32e-06 1.23e-05 1.35e-05 3.74e-05 2.25e-05 5.42e-05 2.11e-05 2.4e-05 2.64e-05 1.35e-05 0.00012 2.1e-05 6.66e-05 3.46e-05 3.13e-05 5.55e-06 5e-06 1.12e-05 1.25e-05 0.00204
0.01858312 0.003934747 0.31 0.19 0.000256 0.000152 7.64e-05 6.66e-05 0.000135 8.21e-05 0.000471 0.000326 0.000307 0.000104 5.65e-05 0.00013 2.99e-05 0.000145 2.91e-05 2.45e-05 5.26e-05 3.08e-05 3.1e-05 1.37e-05 2.07e-05 4.32e-05 3.22e-05 7.67e-05 3.83e-05 3.91e-05 6.63e-06 4.09e-05 0.000201 0.000557 0.000276 0.000272 0.000233 3.61e-05 3.34e-05 6.33e-05 5.52e-05 0.0247
0.005579906 0.003203011 0.28 0.18 0.00022 9.72e-05 5.11e-05 8.88e-05 0.000128 6.57e-05 0.000753 0.000189 4.6e-05 3.85e-05 2.97e-05 0.000197 2.55e-05 3.87e-05 3.8e-05 5.12e-05 4.71e-05 4.32e-05 6.03e-05 2.44e-05 3.02e-05 2.64e-05 2.85e-05 3.62e-05 1.89e-05 2.53e-05 2.64e-05 1.95e-05 0.000732 0.000683 0.000377 0.000278 0.000258 2.87e-05 5.92e-05 4.04e-05 5.7e-05 0.02313
0.007549634 0.004506483 0.53 0.21 0.000367 0.000193 8.96e-05 0.000177 0.000271 0.000165 0.000397 0.000207 0.000163 6.26e-05 0.000249 0.000531 0.000205 0.000343 5.34e-05 2.62e-05 2.77e-05 2.64e-05 4.28e-05 2.17e-05 3.04e-05 9.29e-05 8.52e-05 0.000103 5.38e-05 6.39e-06 8.29e-06 5.99e-05 0.000891 0.000699 0.000332 0.00026 0.000283 6.36e-05 4.58e-05 0.000448 0.000502 0.02997
0.006986738 0.004282666 0.32 0.19 0.000273 0.000694 7.74e-05 0.000101 0.000197 8.31e-05 0.00035 0.000127 7.77e-05 3.3e-05 3.13e-05 0.00014 5.06e-05 0.000141 3.33e-05 1.72e-05 2.51e-05 5.31e-05 4.35e-05 3.79e-05 2.24e-05 6.01e-05 3.31e-05 3.13e-05 2.15e-05 4.23e-05 3.29e-05 1.53e-05 0.000654 0.00011 0.000238 0.000261 1e-04 1.92e-05 3.83e-05 3.78e-05 5.64e-05 0.00151
0.007690768 0.004634643 0.32 0.21 0.000154 0.000122 4.4e-05 7.36e-05 0.00016 8.58e-05 0.000377 0.000188 6.59e-05 2.98e-05 7.75e-05 9.48e-05 5.41e-05 0.000133 2.71e-05 1.49e-05 1.45e-05 2.11e-05 1.37e-05 1.83e-05 1.29e-05 3.56e-05 3.47e-05 7.38e-05 2.76e-05 4.05e-05 4.66e-05 2.44e-05 6.92e-05 0.000137 6.71e-05 4.44e-05 3.32e-05 4.93e-06 2.77e-05 1.39e-05 2.39e-05 0.00139
0.006683234 0.004571617 0.26 0.19 0.000334 4.93e-05 4.85e-05 0.00016 7.78e-05 4.52e-05 0.000251 0.00027 6.07e-05 2.44e-05 7.81e-06 6.15e-05 5.43e-05 5.26e-05 4.29e-05 3.22e-05 1.51e-05 3.08e-05 1.52e-05 1.97e-05 2.51e-05 3.87e-05 3.84e-05 5.1e-05 3.05e-05 2.22e-05 3.1e-05 1.72e-05 0.000261 0.000209 0.000204 0.000191 0.000123 1.37e-05 3.33e-05 2.08e-05 3.92e-05 0.00286
0.02592545 0.005292537 0.38 0.19 0.000205 0.000114 4.43e-05 5.61e-05 0.000121 5.15e-05 0.000624 0.000174 0.000111 3.74e-05 5.61e-05 0.000175 1.88e-05 0.000155 3.38e-05 1.61e-05 3.63e-05 2.21e-05 2.59e-05 1.5e-05 2.26e-05 3.92e-05 2.31e-05 2.3e-05 2.91e-05 4.2e-05 2.36e-05 3.11e-05 0.000139 8.27e-05 8.84e-05 5.26e-05 6.24e-05 2.07e-05 2.37e-05 1.29e-05 2.55e-05 0.00152
0.008374386 0.006084134 0.38 0.2 9.11e-05 2.77e-05 8.84e-05 4.62e-05 4.23e-05 2.36e-05 4.59e-05 0.000103 3.41e-05 4.06e-05 2.72e-05 2.82e-05 3.97e-05 0.000132 2.45e-05 2.83e-05 3.61e-05 3.36e-05 2.4e-05 3.55e-05 2.85e-05 1.26e-05 7.43e-05 8.25e-05 1.63e-05 2.92e-05 6.3e-06 3.65e-05 0.000558 0.000574 0.000297 0.000254 0.000226 3.39e-05 7.8e-05 6.06e-05 0.000122 0.00159
0.005722499 0.003370974 0.23 0.18 6.88e-05 2.84e-05 3.35e-05 2.98e-05 3.85e-05 2.11e-05 0.000284 0.000135 0.000119 2.03e-05 7.81e-06 5.64e-05 5.43e-06 2.01e-05 1.06e-05 9.63e-06 8.17e-06 9.35e-06 6.55e-06 1.44e-05 9.6e-06 7.37e-06 9.29e-06 2.65e-05 9.47e-06 7.29e-06 1.53e-05 6.98e-06 5.38e-05 0.000111 6.97e-05 5.72e-05 3.75e-05 6.29e-06 7.22e-06 1.6e-05 1.8e-05 0.00129
0.007629546 0.005255605 0.3 0.2 0.000323 0.000121 7.66e-05 0.000118 0.00012 4.36e-05 0.000307 0.000491 0.000151 0.00025 0.000438 0.000219 1e-04 4.15e-05 5.93e-05 1.41e-05 1.5e-05 3.66e-06 1.18e-05 1.2e-05 2.86e-05 6.73e-06 1.65e-05 1.7e-05 9.1e-06 2.23e-05 7.61e-06 7.68e-06 8.75e-05 5.12e-05 1e-04 3.85e-05 5.69e-05 5.04e-05 2.13e-05 0.000103 5.76e-05 0.0025
0.006442568 0.004231942 0.26 0.19 0.000407 0.000237 6.89e-05 0.000106 0.000104 4.77e-05 0.000299 0.000709 0.000386 8.84e-05 6.54e-05 0.000125 8.17e-05 0.00016 0.000293 3.46e-05 1.83e-05 2.9e-05 1.31e-05 1.48e-05 2.72e-05 2.96e-05 3.37e-05 3.76e-05 2.1e-05 2.08e-05 2.72e-05 3.01e-05 0.000586 0.000132 4.91e-05 4.37e-05 8.57e-05 5e-04 3.35e-05 0.000155 0.000117 0.00235
0.01030761 0.007332929 0.37 0.19 0.000149 9.46e-05 6.03e-05 5.51e-05 0.000114 3.32e-05 0.000179 0.000118 0.000137 4.3e-05 0.00017 0.000155 8.64e-05 0.000265 0.000364 0.000364 5.69e-05 5.06e-05 1.74e-05 2.53e-05 4.71e-05 1.78e-05 3.03e-05 1.72e-05 3.02e-05 5.89e-05 6.07e-05 5.66e-05 9.5e-05 2.44e-05 7.36e-05 3.69e-05 3.62e-05 3.9e-05 3.03e-05 8.58e-05 9.38e-05 0.00285
0.008114125 0.006066827 0.34 0.2 2e-04 0.000453 4.74e-05 6.71e-05 6.6e-05 2.43e-05 0.000278 0.000127 6.76e-05 8e-05 9.93e-05 0.000127 3.85e-05 9.45e-05 0.00028 2.2e-05 5.67e-06 1.5e-05 6.8e-06 6.39e-06 1.11e-05 1.37e-05 1.66e-05 1.64e-05 1.27e-05 1.45e-05 1.4e-05 1.42e-05 0.000601 0.000138 4.38e-05 3.82e-05 7.68e-05 0.000503 0.000115 0.000231 0.000142 0.00248
0.01217320 0.009265958 0.43 0.19 0.000429 7.07e-05 5.39e-05 8.68e-05 0.000268 0.000104 0.000606 0.000156 6.71e-05 6.12e-05 0.000192 0.000137 4.91e-05 8.17e-05 2.52e-05 2.59e-05 5.28e-06 1.69e-05 1.17e-05 1.4e-05 1.83e-05 2.49e-05 1.34e-05 3.81e-05 1.4e-05 1.96e-05 1.67e-05 1.54e-05 7.22e-05 2e-05 5.57e-05 2.06e-05 2.36e-05 1.02e-05 1.1e-05 1.2e-05 4.39e-05 0.00234
0.02326862 0.005019932 0.3 0.2 0.000179 9.14e-05 3.77e-05 5.32e-05 6.21e-05 2.99e-05 0.00036 0.000133 4.01e-05 5.37e-05 6.19e-05 7.81e-05 3.29e-05 6.04e-05 5.93e-05 1.7e-05 2.36e-05 6.32e-06 4.42e-06 2.39e-06 1.03e-05 2.12e-05 2.89e-05 2.42e-05 1.27e-05 1.22e-05 1.7e-05 9.55e-06 7.95e-05 3.19e-05 7.92e-05 4.67e-05 3.36e-05 3.43e-05 8.99e-06 4.22e-05 4.26e-05 0.00219
0.007657604 0.005612363 0.44 0.25 0.000194 0.00023 5.98e-05 7.26e-05 0.000133 7.11e-05 0.00018 0.000129 8.14e-05 6.11e-05 0.000141 0.000111 4.26e-05 0.000123 0.000361 3.41e-05 2.35e-05 2.06e-05 2.33e-05 1.5e-05 1.03e-05 1.98e-05 3.11e-05 4.61e-05 1.64e-05 1.82e-05 2.11e-05 2.63e-05 0.000174 4.03e-05 3.59e-05 7.27e-05 2.06e-05 7.31e-05 1.78e-05 0.000163 0.000131 0.00246
