-0.02 0.009 0.06 0.003 -0.02 0.02 0.03 0.04 0.07 0.02 0.02 0.03 -0.007 -0.05 -0.04 0 0 -0.06 -0.05 0 0.04 -0.02 0.003 -0.04 0.03 -0.06 -4e-04 -7e-05 -0.07 -0.07 -0.09 -0.09 -0.2 -0.2 -0.2 0 -0.1 0
0.06 0.02 0 0.04 0 -0.04 0 -0.04 0.003 0 -0.03 -0.07 0 -0.06 -0.07 0 0 -0.05 0.008 0 -0.08 0 0 -0.1 -0.1 -0.1 -4e-04 -7e-05 -0.03 -0.03 -0.08 -0.1 -0.2 -0.1 -0.1 0 -0.08 0
-0.04 -0.04 0.008 -0.04 -0.09 -0.05 -0.07 -0.01 -0.08 -0.05 -0.06 -0.04 0 -0.1 -0.1 0 0 0 3e-04 0 0.007 0.03 0 -0.03 0.2 0.003 -4e-04 -3e-05 -0.04 -0.08 -0.06 -0.02 -0.1 -0.1 -0.09 0 -0.2 0
-0.04 -0.02 -0.005 -0.06 -0.09 -0.07 -0.1 -0.04 -0.1 -0.08 -0.08 -0.07 -0.09 -0.1 -0.1 0 0 0 -0.02 0 0 -0.09 -0.09 -0.09 0 -0.09 -4e-04 -2e-05 -0.1 -0.1 -0.1 -0.1 -0.1 -0.1 -0.1 0 -0.2 0
-0.08 -0.02 -0.02 -0.07 -0.08 -0.06 -0.1 0.02 -0.1 -0.08 -0.07 -0.05 -0.07 -0.1 -0.1 0 0 -0.1 -0.08 0 -0.06 -0.06 -0.06 -0.06 0 -0.04 -3e-04 1e-05 -0.07 -0.09 -0.08 -0.07 -0.08 -0.1 -0.06 -0.07 -0.2 0
-0.06 0.03 0.009 -0.06 -0.05 -0.05 -0.07 -0.01 -0.08 -0.06 -0.05 -0.04 -0.06 -0.09 -0.1 0 0 -0.08 -0.06 0 -0.03 -0.03 -0.03 -0.03 -0.02 -0.05 -3e-04 1e-05 -0.06 -0.08 -0.05 -3e-05 -0.05 -0.05 -0.02 0.002 -0.1 0
-0.08 -0.004 -0.01 -0.1 -0.08 0 -0.07 -0.06 -0.09 -0.07 -0.07 -0.07 -0.08 -0.09 -0.1 0 0 -0.06 -0.04 -0.06 0 -0.06 -0.05 0 -0.06 -0.07 -0.03 -1e-05 -0.04 -0.05 -0.02 -1e-04 0.003 -0.03 0.03 0.06 -0.03 0
-0.03 0.04 0.05 -0.01 -0.04 0 -0.003 -0.007 -0.05 -0.02 -0.03 -0.03 -0.03 -0.05 -0.02 0 -0.07 -0.02 -0.03 -0.06 -0.06 -0.07 -0.07 -0.05 -0.07 -0.08 -0.04 -2e-05 -0.05 -0.06 -0.08 -0.06 -0.06 -0.1 -0.1 -0.1 -0.2 0
-0.04 -0.01 0.002 -0.09 -0.09 -0.07 -0.04 -0.03 -0.1 -0.08 -0.07 -0.08 -0.08 -0.1 -0.1 0 -0.06 -0.09 -0.08 -0.04 -0.02 0.002 -0.02 -0.04 0.04 -0.02 -0.04 -0.04 -0.07 -0.1 -0.04 0.04 -3e-06 -0.1 -0.04 -0.04 -0.05 0
-0.05 -0.02 -0.01 -0.1 -0.07 -0.05 -0.03 -0.008 -0.1 -0.09 -0.06 -0.07 -0.07 -0.1 -0.1 0 -0.04 -0.07 -0.06 -0.03 -0.04 -0.008 -0.04 -0.03 0.09 -0.01 -0.04 -0.07 -0.04 -0.09 -0.07 -0.02 0.02 -0.2 -0.1 -0.1 -0.06 0
-0.06 -0.03 -0.02 -0.1 -0.07 -0.06 -0.04 -0.003 -0.09 -0.09 -0.07 -0.09 -0.08 -0.1 -0.1 0 -0.06 -0.08 -0.07 -0.08 -0.08 -0.06 -0.07 -0.07 -0.04 -0.06 -0.07 -0.08 -0.06 -0.08 -0.09 -0.05 -0.003 -0.1 -0.07 -0.06 0.02 0
-0.08 -0.08 -0.08 -0.2 -0.1 -0.1 -0.1 -0.07 -0.1 -0.2 -0.2 -0.2 -0.1 -0.2 -0.2 0 -0.08 -0.2 -0.2 -0.1 -0.1 -0.1 -0.1 -0.1 -0.1 -0.1 -0.1 -0.2 -0.2 -0.2 -0.2 -0.1 -0.1 -0.2 -0.1 -0.1 -0.04 0
-0.04 -0.06 -0.01 -0.07 -0.03 -0.04 -0.02 -0.02 0.01 -0.03 -0.008 0.004 0.02 0.02 0.006 0 1e-16 0.04 0.05 0.02 0.02 0.03 0.03 0.03 0.02 0.01 0.04 0.04 0.05 0.04 0.03 0.01 -0.03 0.04 0.04 0.03 0.1 0
-0.05 -0.09 -0.04 -0.1 -0.08 -0.1 -0.1 -0.1 -0.07 -0.1 -0.1 -0.1 -0.1 -0.1 -0.1 0 -2e-05 0 -0.05 -0.1 -0.1 -0.1 0 -0.1 -0.1 -0.2 -0.09 -0.07 -0.05 -0.06 0.03 -0.001 -0.06 0.03 0.06 0.06 0.1 0
-0.02 -0.06 -0.01 -0.1 -0.08 -0.09 -0.1 -0.09 -0.09 -0.1 -0.1 -0.1 -0.1 -0.1 -0.1 0 -6e-05 -0.1 -0.08 -0.1 -0.1 -0.1 -0.1 -0.1 -0.2 -0.2 -0.1 -0.1 -0.09 -0.1 -0.02 -0.09 -0.1 -0.07 -0.04 -0.04 -0.05 0
-0.06 -0.06 -0.03 -0.1 -0.1 -0.05 -0.08 -0.006 -0.06 -0.03 -0.008 -0.01 -0.03 -0.1 -0.04 0 -5e-05 0 -0.08 -0.07 -0.02 -0.04 -0.05 -0.08 -0.01 -0.07 -0.08 -0.09 -0.09 -0.1 -0.08 -0.02 -0.07 0 -0.04 -0.04 -0.1 0
0 0.04 0.05 -0.02 -0.02 -0.007 -0.07 0.001 -0.04 -0.03 0.006 0.004 0.005 -0.005 0 0 -0.002 0 -0.003 -0.009 0.005 0.005 -0.009 -0.02 0.01 -0.005 -0.002 -0.03 -0.02 -0.05 -0.04 -0.05 -0.04 0 -0.05 -0.05 -0.2 0
0 0.02 0.006 -0.08 -0.04 -0.05 -0.09 -0.08 -0.09 -0.07 -0.06 -0.08 -0.08 -0.06 -0.09 0 -0.1 -0.06 -0.06 -0.09 -0.1 -0.09 -0.1 -0.1 -0.09 -0.09 -0.05 -0.08 -0.07 -0.09 -0.05 -0.01 -0.03 0 -0.005 -4e-04 -0.1 0
0 0.01 0.006 -0.09 -0.05 -0.06 -0.06 -0.06 -0.09 -0.08 -0.07 -0.08 -0.09 -0.1 -0.1 0 -0.02 -0.09 -0.09 -0.1 -0.1 -0.1 -0.1 -0.1 -0.1 -0.1 -0.09 -0.1 -0.1 -0.1 -0.04 0.02 -0.02 -0.1 -0.001 -0.003 -0.1 0
-0.01 0.01 0.02 -0.08 -0.07 -0.06 -0.04 -0.05 -0.07 -0.07 -0.06 -0.09 -0.09 -0.1 -0.1 0 -0.1 -0.1 -0.1 -0.1 -0.1 -0.09 -0.1 -0.1 -0.1 -0.2 -0.1 -0.1 -0.2 -0.2 -0.2 -0.1 -0.1 0 -0.1 -0.1 -0.2 0
0 -0.01 -0.007 -0.09 -0.08 -0.07 -0.05 -0.08 -0.1 -0.08 -0.06 -0.08 -0.08 -0.1 -0.1 0 -0.06 -0.08 -0.1 -0.1 0 -0.08 -0.08 -0.1 -0.09 -0.1 -0.1 -0.1 -0.1 -0.1 -0.2 -0.2 -0.1 -0.2 -0.2 -0.2 -0.2 0
-0.02 0.01 -6e-04 -0.08 -0.05 -0.04 -0.02 -0.05 -0.08 -0.06 -0.05 -0.06 -0.05 -0.1 -0.07 0 -0.05 -0.04 -0.06 -0.06 0 -0.05 -0.04 -0.07 0 -0.05 -0.06 -0.05 -0.07 -0.09 -0.08 -0.07 -1e-04 -0.09 -0.08 -0.06 -0.04 0
-0.05 -0.008 -0.05 -0.1 -0.08 -0.08 -0.07 -0.08 -0.2 -0.1 -0.1 -0.2 0 -0.2 -0.2 0 -0.2 -0.2 -0.2 -0.1 -0.1 -0.2 -0.1 -0.2 0 -0.2 -0.2 -0.2 -0.2 -0.2 -0.2 -0.2 -0.1 -0.2 -0.2 -0.2 -0.09 0
-0.01 -0.004 -0.008 -0.09 -0.02 -0.06 -0.05 -0.08 -0.1 -0.1 -0.1 -0.1 0 -0.2 -0.1 0 -0.1 -0.1 -0.1 -0.1 0 -0.2 -0.2 -0.2 -0.2 -0.2 -0.2 -0.2 -0.2 -0.2 -0.1 -0.2 -0.1 -0.2 -0.1 -0.1 -0.02 0
-0.1 -0.09 -0.07 -0.2 -0.1 -0.1 -0.1 -0.1 -0.1 -0.2 -0.2 -0.2 0 -0.2 -0.1 0 -0.2 -0.1 -0.08 -0.1 0 0 -0.1 -0.1 0 -0.2 -0.1 -0.07 -0.1 -0.1 -0.08 -0.1 -0.1 -0.1 -0.07 -0.06 0.04 0
-0.05 -0.06 -0.02 -0.1 -0.1 -0.1 0 -0.1 -0.09 -0.1 -0.1 -0.2 0 -0.2 -0.1 0 -0.04 -0.1 -0.1 -0.1 0 0 -0.1 -0.2 0 -0.2 -0.2 -0.2 -0.2 -0.2 -0.08 -0.2 -0.2 -0.1 -0.1 -0.09 -0.04 0
-0.05 -0.05 0.005 -0.09 -0.1 -0.09 -0.08 -0.06 -0.07 -0.08 -0.07 -0.08 0 -0.1 -0.09 0 -0.003 -0.09 -0.1 -0.09 0 -0.06 -0.07 -0.1 0 -0.1 -0.1 -0.1 -0.1 -0.1 -0.1 -0.2 -0.2 -0.1 -0.08 -0.05 -0.05 0
0.05 0.06 0.07 0.002 -0.005 -0.02 -0.06 -0.03 -0.06 -0.05 -0.07 -0.09 0 -0.1 -0.1 0 -0.1 -0.1 -0.2 -0.1 0 -0.1 -0.1 -0.1 -0.2 -0.2 -0.1 -0.1 -0.1 -0.1 -0.09 -0.2 -7e-06 -0.1 -0.1 -0.1 -0.2 0
-0.06 -0.04 -0.07 -0.1 -0.1 -0.1 -0.2 -0.1 -0.2 -0.1 -0.1 -0.2 0 -0.2 -0.2 0 -0.2 -0.2 -0.2 -0.2 0 -0.2 -0.2 -0.2 -0.2 -0.2 -0.2 -0.2 -0.2 -0.3 -0.1 -0.2 3e-05 -0.1 -0.1 -0.1 -0.2 0
-0.04 0.01 -0.02 -0.08 -0.03 -0.04 -0.09 -0.04 -0.08 -0.06 -0.04 -0.05 0 -0.04 -0.05 0 -0.05 -0.02 -0.03 -0.05 0 -0.02 -0.02 -0.03 -0.05 -0.03 -0.03 -0.03 -0.04 -0.06 -0.02 -0.05 -0.004 -0.04 -0.03 -0.02 -0.1 0
0.01 0 0.03 -0.06 -0.02 -0.03 -0.06 -0.04 0 -0.05 -0.05 -0.05 -0.06 -0.09 -0.05 0 -0.02 -0.04 -0.05 -0.07 -0.05 -0.06 -0.06 -0.08 -0.07 -0.09 -0.07 -0.07 -0.08 -0.07 -0.1 -0.08 -0.1 -0.1 -0.1 -0.1 -0.2 0
0.02 -0.01 -0.002 -0.07 -0.04 -0.04 -0.03 -0.04 -0.05 -0.06 -0.04 -0.06 -0.06 -0.1 -0.06 0 -0.08 -0.05 -0.05 -0.08 -0.07 -0.07 -0.07 -0.09 -0.09 -0.1 -0.03 -0.07 -0.08 -0.09 -0.05 -0.001 -0.04 -0.04 -0.05 -0.05 -0.1 0
-0.02 -0.02 0.004 -0.07 -0.04 -0.04 -0.02 -0.04 -0.05 -0.05 -0.03 -0.06 -0.06 -0.1 -0.05 0 -0.06 -0.04 -0.04 -0.07 -0.07 -0.05 -0.05 -0.07 -0.07 -0.08 -0.03 -0.04 -0.04 -0.06 -0.04 0.05 -0.008 -0.05 -0.06 -0.06 -0.08 0
0 0.04 0.07 -0.03 0.002 0.01 0.03 0.02 -0.02 -0.006 0.01 0 -0.01 -0.01 -0.01 0 -0.03 0.002 -0.01 -0.03 -0.02 -0.02 -0.01 -0.04 -0.03 -0.02 -0.04 -0.03 -0.04 -0.05 -0.04 -0.004 0.03 -0.07 -0.06 -0.06 -0.03 0
0 -0.02 -0.02 -0.1 -0.06 -0.06 -0.06 -0.05 -0.1 -0.1 -0.1 0 -0.1 -0.1 -0.1 0 -0.2 -0.1 -0.1 -0.1 0 -0.1 -0.1 -0.1 -0.2 -0.1 -0.1 -0.1 -0.1 -0.1 -0.1 -0.1 -0.04 -0.2 -0.2 -0.1 -0.07 0
-0.02 0.006 0.02 -0.04 0.005 -0.005 0.002 -0.02 -0.02 -0.03 -0.02 -0.02 -0.02 -0.03 -0.02 0 -0.05 -0.01 -0.003 -0.07 0 -0.07 -0.06 -0.07 -0.09 -0.04 -0.06 -0.02 -0.008 -0.02 0.001 -0.01 0.02 0.003 -0.01 -0.001 0.1 0
0.07 0.08 0.06 -0.007 0.01 -0.001 0.004 -0.02 -0.02 -0.04 -0.05 -0.05 -0.08 -0.08 -0.08 0 -0.1 -0.1 -0.1 -0.1 -0.1 -0.2 -0.1 -0.1 -0.2 -0.2 -0.1 -0.1 -0.1 -0.1 -0.1 -0.2 -0.1 -0.2 -0.2 -0.2 -0.1 0
-0.006 0 0.004 -0.07 -0.05 -0.05 -0.03 -0.04 -0.05 -0.06 -0.06 -0.06 -0.09 -0.07 0 0 -0.1 -0.09 -0.07 -0.09 0 -0.09 -0.07 -0.1 -0.1 -0.1 -0.1 -0.1 -0.1 -0.1 -0.1 -0.08 -0.09 -0.1 -0.1 -0.1 -0.07 0
-0.07 0 -0.03 -0.1 -0.09 -0.07 -0.06 -0.05 -0.04 -0.07 -0.05 -0.06 -0.08 -0.05 0 0 -0.3 -0.07 -0.07 -0.08 0 -0.04 -0.04 -0.07 -0.04 -0.08 -0.07 -0.07 -0.08 -0.09 -0.1 -0.1 -0.2 0 -0.1 -0.1 -0.1 0
-0.07 -0.1 -0.08 -0.1 -0.09 -0.08 -0.1 -0.08 -0.1 -0.1 -0.08 -0.09 -0.1 -0.08 -0.08 0 -0.07 -0.07 -0.05 -0.06 0 -0.03 -0.04 -0.06 -0.001 -0.05 -0.04 -0.03 -0.04 -0.06 -0.01 -0.07 -0.02 -0.04 -0.02 -0.02 -0.06 0
-0.04 -0.08 -0.1 -0.2 -0.1 -0.1 -0.2 -0.1 -0.2 -0.2 -0.2 -0.2 -0.2 -0.3 -0.2 0 -0.3 -0.2 -0.2 -0.2 0 -0.2 -0.2 -0.2 -0.3 -0.2 -0.2 -0.2 -0.2 -0.3 -0.2 -0.2 -0.1 -0.1 -0.1 -0.1 -0.2 0
-0.08 -0.08 -0.07 -0.1 -0.09 -0.09 -0.1 -0.07 -0.1 -0.09 -0.08 -0.1 -0.09 -0.1 -0.1 0 -0.1 -0.1 -0.1 -0.1 -0.1 -0.09 -0.1 -0.1 -0.1 -0.1 -0.1 -0.1 -0.1 -0.1 -0.1 -0.1 -0.02 -0.1 -0.08 -0.07 -0.2 0
-0.004 0.02 0.02 -0.02 0.02 0.02 -0.002 0.03 0.02 0.03 0.06 0.07 0.07 0.09 0.08 0 0.06 0.1 0.08 0.07 0.09 0.09 0.09 0.07 0.1 0.08 0.08 0.08 0.08 0.07 0.02 0.1 0.05 0.03 0.04 0.04 -0.08 0
-0.01 -0.01 -0.02 -0.1 -0.06 -0.06 -0.05 -0.06 0 -0.06 -0.06 -0.07 -0.07 -0.05 -0.06 0 -0.06 -0.05 -0.1 -0.06 -0.06 -0.04 0 -0.08 -0.07 -0.09 -0.06 -0.08 -0.08 -0.1 -0.08 0.02 -0.03 -0.09 -0.07 -0.06 -0.2 0
0.01 0.004 0.02 -0.07 -0.03 -0.03 -0.005 -0.06 0 -0.03 -0.03 -0.04 -0.05 -0.02 -0.04 0 -0.05 -0.03 -0.09 -0.06 0 -0.06 0 -0.07 -0.06 -0.07 -0.05 -0.07 -0.07 -0.08 -0.07 0.003 -0.03 -0.1 -0.07 -0.07 -0.1 0
-0.04 -0.04 -0.04 -0.1 -0.08 -0.07 -0.05 -0.1 0 -0.09 -0.09 -0.1 -0.1 -0.1 -0.1 0 -0.1 -0.1 -0.1 -0.1 0 -0.1 -0.1 -0.1 -0.1 -0.1 -0.1 -0.1 -0.1 -0.1 -0.1 -0.1 -0.07 -0.1 -0.1 -0.1 -0.1 0
0.05 0.04 0.04 0.005 0.05 0.04 0.07 0.005 0.03 0.04 0.05 0.05 0.05 0.08 0.06 0 0.07 0.08 0.05 0.05 0 0.07 0.07 0.04 0.06 0.08 0.06 0.06 0.06 0.06 0.009 -0.01 0.08 -0.03 -0.03 -0.02 0.04 0
-0.04 -0.02 -0.05 -0.1 -0.05 -0.04 -0.02 -0.06 -0.07 -0.06 -0.06 -0.07 -0.06 -0.05 -0.06 0 -0.04 -0.03 -0.06 -0.08 -0.07 -0.05 -0.07 -0.07 -0.09 -0.05 -0.06 -0.06 -0.04 -0.04 -0.02 -0.05 0.03 -0.06 -0.04 -0.02 0.09 0
-0.1 -0.08 -0.09 -0.1 -0.08 -0.07 -0.05 -0.1 -0.07 -0.08 -0.08 -0.08 -0.07 -0.05 -0.06 0 -0.03 -0.04 -0.04 -0.05 -0.02 -0.02 -0.02 -0.05 -0.04 -0.03 -0.04 -0.04 -0.03 -0.02 -0.003 0.009 -0.002 0 0.05 0.07 0.2 0
-0.02 -0.04 -0.01 -0.07 -0.03 -0.002 0.02 -0.04 0.03 0.006 0.02 0.009 0.02 0.03 0.02 0 0.04 0.03 0.01 0.008 0.05 0.04 0.04 0.005 -0.004 -0.002 0.02 0.01 0.03 0.06 0.06 0.09 0.01 0.07 0.08 0.07 0.2 0
-0.009 -0.02 0.04 0.002 0.01 0.01 0.02 -0.05 0.06 0.02 0.04 0.01 0 0.05 0.05 0 -0.02 0.06 0.05 -7e-05 -0.01 -0.02 -0.001 -0.01 -0.07 -0.03 0.005 0.04 0.06 0.1 0.07 0.02 -0.01 0.07 0.1 0.1 0.1 0
0.06 0.04 0.1 0.08 0.09 0.09 0.08 0.04 0.1 0.1 0.1 0.1 0 0.2 0.2 0 0.1 0.2 0.2 0.1 0.1 0.1 0.1 0.1 0.08 0.09 0.1 0.2 0.2 0.2 0.2 0.2 0.06 0.1 0.1 0.1 0.1 0
0.05 0.04 0.08 0.08 0.04 0.05 0.007 0.01 0.02 0.04 0.06 0.07 0.07 0.05 0.06 0 0.07 0.06 0.06 0.06 0.1 0.08 0.08 0.06 0.1 0.09 0.01 0.09 0.08 0.09 0.07 0.2 0.05 0.03 0.07 0.05 -0.02 0
0.006 0.05 0.07 0.05 -0.002 0.03 -0.03 0.04 -0.02 0.02 0.03 0.02 -6e-04 -0.08 0 0 -0.04 -0.06 -0.06 -0.04 0 -0.03 -0.03 -0.06 -0.005 -0.05 -0.08 -0.07 -0.07 -0.06 -0.07 -0.02 -0.07 -0.09 -0.07 -0.07 -0.2 0
0.03 0.03 0.03 0.009 -0.001 0.01 -0.04 -0.02 -0.03 -0.005 0.01 0.006 0.007 -0.02 -0.004 0 0.01 0.005 -0.01 0.002 0 0.03 0.02 -0.003 0 0.01 -0.002 -0.01 -0.02 -0.009 -0.02 -0.003 -0.01 -0.02 -0.01 -0.007 -0.1 0
0.04 0.02 -0.03 -0.03 -0.03 -0.03 -0.04 -0.06 -0.05 -0.04 -0.03 -0.03 -0.03 -0.05 -0.02 0 -0.03 -0.01 -0.01 -0.02 0 -0.01 -0.01 -0.03 -0.02 -0.02 -0.02 -0.01 -0.02 -0.01 -0.02 0.02 -6e-04 0.01 0.05 0.08 0.008 0
0.04 0.06 0.04 0.003 0.02 0.03 0.02 -0.005 -0.008 0.005 0.004 -0.02 -0.01 -0.05 9e-04 0 -0.05 -0.01 -0.03 -0.02 0 -0.02 -0.02 -0.04 -0.05 -0.05 -0.04 -0.04 -0.05 -0.03 -0.05 -0.02 -0.03 -0.05 -0.04 -0.03 -0.08 0
0.04 0.04 0.03 -0.04 0.01 0.03 0.03 0.02 -0.01 0.02 0.02 0.01 0.009 -0.03 0.02 0 -9e-04 0.01 0.01 0.01 0 0.02 0.02 5e-05 0.005 0.01 0.01 0.02 -0.007 0.007 -0.04 -0.05 -0.005 -0.06 -0.05 -0.05 -0.07 0
0.02 0.02 0.004 -0.09 -0.001 0.02 0.03 0.02 -0.03 0.003 0.01 -0.004 0.003 -0.04 0.001 0 -0.01 0.007 0.01 -0.005 0 -0.01 0.001 -0.01 -0.02 0.01 0.02 0.005 0.005 0.007 -0.001 -0.04 0.07 -0.05 -0.004 0.002 0.05 0
0.01 0 0.003 -0.1 0.02 0.03 0.04 0.03 -0.02 0.02 0.03 0.02 0.04 0.01 0.06 0 0.06 0.06 0.07 0.06 0 0.06 0.07 0.05 0.07 0.1 0.06 0.08 0.09 0.08 0.05 -0.02 0.08 0.02 0.04 0.05 0.1 0
0.1 0 0.1 0.04 0.09 0.1 0.1 0.1 0.05 0.07 0.07 0.04 0.04 -0.02 0.04 0 0.03 -8e-04 -0.009 0.03 0 0.01 0.04 0.002 0.01 0.01 -0.007 -0.04 -0.04 -0.03 -0.01 -0.04 -0.006 -0.05 -0.05 -0.06 0.03 0
0.009 0.02 0.004 -8e-06 -9e-04 0.01 0.03 0.03 0.03 0.02 0.008 0.03 0.02 -0.03 0.01 0 0.04 0.003 0.002 0.01 0 -0.01 0.002 -0.009 0.05 -0.01 0.004 -0.008 0.004 8e-04 -0.05 -0.04 -0.1 -0.08 -0.07 -0.09 0.02 0
-0.06 -0.08 -0.04 -1e-05 -0.05 -0.03 -0.02 -0.04 0.009 -0.01 -5e-04 0.005 0.001 -0.005 0.03 0 0.01 0.03 0.03 -0.005 0 0.003 0.03 0.003 -0.008 -0.009 0.02 0.03 0.04 0.04 0.05 0.03 -0.05 0.06 0.05 0.06 0.1 0
-0.004 -0.06 0.01 4e-06 -0.02 -0.01 -0.02 0.01 -4e-04 -0.001 -0.008 -0.02 -0.02 -0.05 -0.04 0 -0.006 -0.04 -0.03 6e-04 0 0.02 0.02 -0.03 0.09 -0.03 -0.01 -0.03 -0.05 -0.05 -0.04 -0.06 -0.1 -0.08 -0.09 -0.09 -0.08 0
0.008 -0.01 0.03 -3e-06 0.05 0.03 -0.003 0.05 0.04 0.05 0.05 0.05 0.06 0.05 0.04 0 0.04 0.07 0.04 0.02 0 0.002 0.02 0 0.07 0.03 0.02 0.04 0.04 0.03 0.02 0.04 -0.02 -0.002 0.006 -0.03 -0.09 0
0 0.06 0.09 -4e-05 0.09 0.09 0.04 0.1 0.06 0.09 0.1 0.1 0.1 0.09 0.1 0 0.1 0.1 0.1 0.1 0 0.1 0.1 0 0.2 0.1 0.1 0.1 0.1 0.09 0.05 0.09 0.01 0.01 0.02 -0.02 -0.1 0
0 0.01 -0.01 -0.09 -0.02 -0.003 -0.05 0.02 -0.06 -0.03 -0.04 -0.06 -0.06 -0.09 -0.09 0 -0.03 -0.08 -0.07 -0.06 0 -0.04 -0.05 0 -0.03 -0.06 -0.07 -0.08 -0.07 -0.08 -0.08 -0.07 -0.09 -0.09 -0.08 -0.09 -0.2 0
0.02 0.04 0.03 -0.05 0.009 0.006 -0.006 0.02 -0.02 0.01 0.003 0.003 -6e-04 -0.04 -0.05 0 -0.004 -0.02 -0.02 -0.03 0 -0.03 -0.02 0 -0.06 -0.05 -0.03 -0.03 -0.03 -0.03 -0.03 9e-04 -0.03 0.02 0.01 0.008 -0.09 0
0.03 0.03 -0.03 -0.09 -0.04 -0.03 -0.02 -0.006 -0.04 -0.02 -0.03 -0.04 -0.04 -0.09 -0.1 0 -0.04 -0.08 -0.1 -0.07 0.5 -0.05 -0.05 -0.08 -0.06 -0.1 -0.08 -0.1 -0.1 -0.1 -0.1 -0.02 -0.1 -0.1 -0.1 -0.1 -0.2 0
0.02 0.02 0.02 -0.07 -0.002 -0.007 0.02 -0.008 -0.004 0.002 0.01 0.02 0.01 0.04 -0.03 0 -2e-04 0.04 0.02 -0.03 0.6 -0.02 -0.02 -0.02 0.006 -0.02 0.005 0.02 0.03 0.01 -0.06 0.02 -0.03 -0.08 -0.1 -0.1 -0.1 0
-0.01 -0.009 -0.02 -0.1 -0.04 -0.03 -0.02 -0.04 -0.06 -0.05 -0.04 -0.05 -0.05 -0.04 -0.05 0 -0.04 -0.03 -0.03 -0.03 0.6 -0.03 -0.02 -0.05 -0.02 -0.02 -0.007 -0.03 -0.03 -0.05 -0.01 0.03 0.07 -0.06 -0.02 -0.02 0.05 0
0.002 -0.004 -0.002 -0.1 0.01 0.02 0.03 0.001 -0.005 0.003 0.02 0.02 0.02 0.02 0.04 0 0.04 0.07 0.03 -0.002 0.6 0.02 0.03 0.02 0.03 0.06 0.03 0.06 0.08 0.06 0.07 0.09 0.1 0.07 0.05 0.04 0.1 0
0.03 0.04 0.02 -0.07 0.05 0.05 0.05 0.05 0.03 0.02 0.02 0.003 0.02 0.003 0.006 0 -0.01 0.02 0.02 -0.01 0 -0.03 -0.01 -0.03 -0.04 -0.01 -0.009 -0.009 0.01 0.01 0.05 0.03 0.09 0.05 0.05 0.05 0.2 0
-0.02 -0.02 -0.02 -0.1 -0.04 -0.01 0.02 -0.007 -0.007 -0.03 -0.01 -0.04 -0.03 -0.05 -0.05 0 -0.001 -0.04 -0.04 -0.004 0 0.01 0.02 -0.01 0.01 -0.01 -0.04 -0.05 -0.06 -0.05 -0.001 -0.01 -0.01 0.03 0.01 0.009 0.1 0
0.02 0.008 0.02 0 0.03 0.01 0.04 0.005 0.03 -0.02 -0.01 -0.03 -0.02 -0.01 0.002 0 -0.02 -0.02 0.004 -0.005 0 -0.04 -0.006 -0.03 -0.06 -0.07 -0.03 -0.02 -0.01 0.02 0.07 0.006 -0.04 0.06 0.04 0.02 0.09 0
0.006 -0.02 -0.002 -0.06 -0.02 -0.02 -0.02 -0.03 -0.02 0 -0.05 -0.1 -0.08 -0.08 -0.07 0 -0.1 -0.09 -0.08 -0.08 0 -0.1 -0.07 -0.1 -0.1 -0.1 -0.1 -0.1 -0.1 -0.08 -0.03 -0.04 -0.1 -0.04 -0.07 -0.09 -0.06 0
-0.04 -0.07 -0.06 -0.1 -0.07 -0.08 -0.09 -0.07 -0.09 0 -0.1 -0.1 -0.1 -0.2 -0.1 0 -0.2 -0.2 -0.1 -0.1 0 -0.1 -0.1 -0.1 -0.2 -0.2 -0.2 -0.2 -0.2 0 -0.1 -0.2 -0.1 -0.05 -0.06 -0.05 -0.06 0
-0.03 -0.04 -0.05 -0.1 -0.06 -0.05 -0.08 -0.05 -0.09 -0.07 -0.08 -0.1 -0.09 -0.1 -0.1 0 -0.09 -0.1 -0.09 -0.08 0 -0.06 -0.06 -0.08 -0.09 -0.08 -0.1 -0.1 -0.1 0 -0.08 -0.2 -0.1 -0.08 -0.1 -0.1 -0.2 0
-0.002 0.01 -0.02 -0.08 -0.01 -0.02 -0.07 -0.02 -0.06 -0.04 -0.04 -0.06 -0.05 -0.06 -0.05 0 -0.05 -0.05 -0.05 -0.06 0 -0.04 -0.05 -0.06 -0.09 -0.05 -0.06 -0.06 -0.07 -0.06 -0.05 -0.1 -0.05 0.01 -0.03 -0.02 -0.1 0
-0.003 0.04 -0.009 -0.09 -0.005 -0.01 -0.04 -0.02 -0.03 0 -0.03 -0.05 -0.04 -0.08 0 0 -0.04 -0.05 -0.02 -0.03 0 -0.02 -0.02 -0.04 -0.03 -0.05 -0.03 -0.04 -0.04 -0.04 0.001 0.02 -0.007 0 -0.02 -0.04 -0.1 0
0.001 0.05 0.02 -0.07 -9e-04 -0.009 -0.02 -0.03 0.003 0 -0.03 -0.04 -0.03 0 0 0 -0.04 -0.04 -0.02 -0.03 0 -0.02 -0.02 -0.04 -0.04 -0.06 -0.02 -0.04 -0.05 -0.04 -0.03 -0.01 -0.04 0 -0.05 -0.06 -0.1 0
-0.02 -0.01 -0.04 -0.08 -0.05 -0.05 -0.04 -0.05 -0.03 -0.05 -0.05 -0.06 -0.07 -0.09 -0.07 0 -0.05 -0.06 -0.04 -0.05 0 -0.02 -0.03 -0.06 -0.03 -0.07 -0.05 -0.05 -0.06 -0.06 0.005 0.08 0.06 0.06 0 0.06 0.04 0
0.01 -2e-04 0.004 -0.005 0.005 0.01 0.04 -0.004 0.002 -2e-04 0.006 -0.01 -0.006 0.004 -0.01 0 -0.03 0.02 -0.02 -0.05 0 -0.04 -0.05 -0.05 -0.04 -0.05 -0.03 -0.03 -0.03 -0.06 -0.01 0.05 0.05 -0.005 0 -0.01 0.02 0
-0.01 -0.02 -0.04 -0.07 -0.04 -0.004 0.01 -0.009 -0.07 -0.05 -0.04 -0.05 -0.05 -0.04 -0.06 0 -0.05 -0.03 -0.05 -0.08 0 -0.07 -0.08 -0.08 -0.09 -0.07 -0.08 -0.06 -0.05 -0.06 0.03 0.03 0.1 0.08 0.09 0.1 0.2 0
-0.002 -0.02 -0.03 -0.06 -0.005 0.02 0.04 0.004 7e-04 -0.006 0.01 0.02 0.03 0.06 0.03 0 0.09 0.06 0.07 0.07 0 0.1 0.1 0.1 0.3 0.1 0.09 0.1 0.1 0.07 0.1 0 0.2 0.1 0.1 0.1 0.2 0
-0.03 -0.04 -0.03 -0.06 -0.001 0.01 0.03 0.02 0 0.003 0.03 0.04 0.05 0.07 0.03 0 0.08 0.05 0.07 0.03 0 0.04 0.05 0.05 0.1 0.05 0.05 0.05 0.07 0.07 -0.01 0 -0.03 -0.02 -0.05 -0.05 0.05 0
-0.03 -0.04 -0.04 -0.09 -0.04 -0.05 -0.04 -0.04 0 -0.08 -0.09 -0.1 -0.1 -0.09 -0.1 0 -0.09 -0.1 -0.1 -0.09 0 -0.09 -0.07 -0.1 -0.1 -0.1 -0.1 -0.1 -0.1 -0.1 -0.1 -0.1 -0.2 -0.1 -0.2 -0.1 -0.03 0
-0.06 -0.08 -0.05 -0.09 -0.07 -0.05 -0.04 -0.02 0 -0.05 -0.03 -0.03 -0.04 -0.06 -0.06 0 -0.007 -0.03 -0.08 -0.09 0 -0.06 -0.06 -0.08 -0.1 -0.1 -0.09 -0.1 -0.1 -0.09 -0.06 -0.1 -0.2 0 -0.07 -0.05 0.02 0
0.04 0.006 0.04 -0.01 0.03 0.03 0.003 0.002 0.04 -0.02 0.001 -0.009 -0.009 0.003 -0.02 0 -0.02 0.006 0.02 -0.009 0 -0.009 0.002 -0.01 2e-05 -0.03 -0.01 0.01 0.01 0.02 0.03 -0.08 -0.07 0 0.007 0.004 0.02 0
-0.07 -0.09 -0.07 -0.1 -0.09 -0.06 -0.1 -0.05 -0.1 -0.09 -0.07 -0.06 -0.08 -0.1 -0.1 0 -0.07 -0.1 -0.1 -0.1 0 -0.05 -0.06 -0.09 -0.06 -0.09 -0.1 -0.1 -0.1 -0.1 -0.1 -0.2 -0.2 -0.08 -0.1 -0.08 -0.1 0
0.03 0.03 0.04 0.03 0.06 0.06 -0.005 0.02 0.02 0.02 0.04 0.02 0.06 0.05 0.04 0 0.01 0.05 0.05 0.004 0 -0.03 -3e-04 0.004 -0.04 -0.007 -0.003 0.02 0.03 0.03 0.06 -0.02 0.03 0.07 0.03 0.04 -0.05 0
0.01 0.02 0.02 -0.01 0.03 0.009 -0.03 0.006 -0.02 -0.02 0.01 0.004 0.01 0.004 0.006 0 0.02 0.009 0.03 0.02 0 0.04 0.04 0.03 0.02 0.02 0.02 0.02 0.02 0.009 0.1 0.07 0.09 0.2 0.1 0.1 0.03 0
0 0.007 -0.02 -0.04 -0.004 -0.01 -0.03 -0.02 -0.04 -0.05 -0.03 -0.05 -0.04 -0.05 -0.06 0 -0.08 -0.06 -0.06 -0.07 0 -0.08 -0.06 -0.08 -0.1 -0.09 -0.08 -0.08 -0.09 -0.09 0.04 0.09 0.04 0.1 0.07 0.08 -0.02 0
0.02 0.03 -0.002 0 -0.002 -0.002 0.02 -0.02 0.01 0.001 0.02 0.001 0.006 0.03 -0.001 0 -0.02 -0.008 -0.009 -0.03 0 -0.03 -0.03 -0.03 -0.04 -0.06 -0.04 -0.02 -0.03 -0.04 -0.01 0.01 -0.03 -0.009 -0.07 -0.08 -0.2 0
-0.003 9e-04 -0.02 0 -0.04 -0.04 -0.01 -0.04 -0.06 -0.04 -0.04 -0.05 -0.04 -0.01 -0.03 0 -0.03 -0.06 -0.02 -0.04 0 -0.04 -0.03 -0.04 -0.04 -0.04 -0.05 -0.02 -0.03 -0.04 -0.02 0.008 0.005 0.003 -0.05 -0.05 -0.07 0
-0.007 0.002 -0.02 0 -0.04 -0.02 -0.02 -0.04 -0.09 -0.06 -0.06 -0.07 -0.06 -0.06 -0.08 0 -0.06 -0.09 -0.08 -0.07 0 -0.06 -0.06 -0.08 -0.08 -0.06 -0.09 -0.1 -0.1 -0.1 -0.06 -0.07 0.02 -0.03 -0.06 -0.05 -0.02 0
0.02 0.01 -0.01 0 0.004 0.03 0.02 0.008 -0.02 -0.01 0.02 -0.02 -0.01 -0.02 -0.02 0 -0.01 -0.01 0.004 -0.02 0 -0.02 -0.01 -0.01 -0.02 0.008 -0.02 -0.01 -0.004 -0.02 -0.009 -0.06 0.05 0 -0.04 -0.04 0.04 0
-0.02 -0.04 -0.05 0 -0.03 -0.02 -0.02 -0.03 -0.05 -0.04 -0.03 -0.03 -0.008 -0.01 -0.04 0 -0.03 0.004 -0.01 -0.04 0 -0.05 -0.03 -0.03 -0.05 -0.03 -0.04 -0.03 -0.02 -0.02 0.01 -0.01 0.05 0.08 0.03 0.03 0.1 0
-0.04 -0.04 -0.05 0 -0.05 -0.03 -0.001 -0.007 0.007 -0.02 -0.001 0.01 0.02 0.02 -0.02 0 0.04 0.01 0.02 1e-04 0 0.008 0.03 0.01 0.02 0.003 0.006 0.005 0.007 -0.002 0.04 0 0.02 0.1 0.08 0.09 0.2 0
0.06 0.06 0.07 0 0.06 0.06 0.07 0.04 0.08 0.02 0.04 0.03 0.04 0.06 0.05 0 0.03 0.08 0.08 0.01 0 -0.01 0.02 0.01 -0.02 -0.01 0.03 0.04 0.06 0.06 0.06 0.08 0 0.08 0.06 0.06 0.1 0
-0.02 -0.009 -0.01 0 -0.001 -0.009 -0.02 -0.05 -1e-04 -0.04 -0.04 -0.05 -0.04 -0.02 -0.02 0 -0.06 0.04 0.01 -0.03 0 -0.04 -0.02 -0.03 -0.08 -0.06 -0.03 0.01 0.01 0.006 0.04 1e-04 -0.05 0.09 0.06 0.09 0.2 0
0.03 0.01 0.05 0 0.07 0.06 0.04 0.04 0.05 0.06 0.07 0.07 0.08 0.09 0.08 0 0.09 0.1 0.1 0.08 0 0.08 0.09 0.09 0.07 0.1 0.09 0.1 0.1 0.1 0.09 0.1 0.04 0.1 0.1 0.1 0.1 0
-0.03 -0.02 0.05 0 0.01 0.03 -0.02 0.007 -0.008 0.03 0.05 0.08 0.06 0.09 0.06 0 0.09 0.1 0.09 0.06 0 0.09 0.09 0.07 0.2 0.1 0.07 0.09 0.08 0.08 0.01 -0.05 -0.03 -0.02 -0.07 -0.1 -0.2 0
-0.04 -0.02 -0.03 0 -0.01 -0.01 -0.06 -0.05 -0.07 -0.05 -0.03 -0.03 -0.04 -0.006 -0.03 0 -0.03 -2e-04 -0.001 -0.04 0 -0.05 -0.03 -0.03 -0.006 -0.005 -0.02 -0.003 -0.03 -0.01 -0.04 -0.04 -0.04 -7e-04 -0.01 -0.006 -0.09 0
-0.003 0.02 -0.004 0 -0.002 0.01 -0.03 -0.03 -0.03 -0.03 -0.02 -0.04 -0.04 -0.03 -0.02 0 -0.04 -0.05 -0.03 -0.04 0 -0.05 -0.04 -0.05 -0.06 -0.06 -0.06 -0.05 -0.08 -0.05 -0.06 -0.05 -0.08 -0.03 -0.07 -0.07 -0.2 0
0.01 0.03 0.02 0 0.004 0.02 0.02 -0.02 0.002 -0.003 0.02 0.01 0.01 -0.005 0.008 0 5e-04 -0.03 7e-05 -0.009 0 -0.01 -5e-04 -0.02 -0.02 -0.04 -0.02 -0.01 -0.03 -0.03 0.005 0.03 -0.03 0.03 -0.01 -0.02 -0.09 0
0.03 0.04 0.02 0 0.003 0.02 0.02 -0.04 0.001 0.007 0.004 0.005 0.006 0.009 0.001 0 0.01 0.003 0.008 -0.004 0 -0.001 0.003 -0.007 -0.01 -0.02 -0.02 -0.001 -0.01 -0.01 -0.03 -0.03 -0.02 -0.01 -0.06 -0.06 -0.1 0
-0.02 -0.03 -0.03 0 -0.04 -0.01 -0.01 -0.06 -0.04 -0.02 -0.008 -0.003 -0.005 -0.006 -0.008 0 0.01 -0.01 -0.002 -0.002 0 0.01 0.01 -0.003 0.02 0.02 -0.01 -0.01 -0.02 -0.03 -0.06 -0.04 4e-04 -0.04 -0.08 -0.1 -0.09 0
-0.03 -0.002 -0.04 0 -0.02 -0.01 -0.02 -0.04 -0.08 -0.04 -0.06 -0.07 -0.07 -0.09 -0.08 0 -0.08 -0.07 -0.05 -0.09 0 -0.09 -0.09 -0.1 -0.1 -0.09 -0.1 -0.08 -0.07 -0.08 -0.06 -0.09 0.01 -0.03 -0.05 -0.06 0.03 0
-0.05 -0.03 -0.03 0 -0.03 -0.03 -0.03 -0.06 -0.07 -0.06 -0.07 -0.07 -0.06 -0.1 -0.08 0 -0.07 -0.07 -0.09 -0.1 0 -0.1 -0.09 -0.1 -0.1 -0.1 -0.1 -0.1 -0.1 -0.1 -0.08 -0.09 -0.03 -0.04 -0.05 -0.05 0.07 0
0.04 0.03 0.04 0 0.05 0.04 0.06 -0.003 0.04 0.02 0.01 0.01 0.02 -0.009 0.02 0 -0.01 0.02 -0.01 -0.01 0 -0.03 -0.01 -0.03 -0.06 -0.05 -0.04 -0.04 -0.04 -0.03 -0.08 -0.1 -0.1 -0.06 -0.1 -0.1 -0.03 0
-0.05 -0.06 -0.06 0 -0.05 -0.04 -0.03 -0.09 -0.02 -0.06 -0.06 -0.05 -0.04 -0.04 -0.02 0 -0.05 -0.007 -0.02 -0.04 0 -0.04 -0.03 -0.04 -0.07 -0.06 -0.04 -0.02 -0.03 -0.01 -0.006 -0.07 -0.1 0.03 -0.02 -0.005 0.08 0
-0.03 -0.04 -0.01 0 -0.06 -0.03 -0.03 -0.06 -0.01 -0.03 -0.03 -0.05 -0.05 -0.04 -0.07 0 -0.05 -0.04 -0.06 -0.03 0 -0.02 -0.01 -0.05 -0.04 -0.07 -0.06 -0.07 -0.09 -0.08 -0.07 -0.1 -0.2 -0.04 -0.09 -0.09 -0.03 0
0.009 -0.03 -0.006 0 -0.03 -0.007 -0.03 -0.01 -0.008 -0.008 -0.02 -0.04 -0.03 -0.007 -0.05 0 -0.04 -0.03 -0.05 -0.03 0 -0.03 -0.02 -0.05 -0.1 -0.07 -0.06 -0.05 -0.07 -0.06 -0.02 -0.1 0 0.005 -0.05 -0.05 -0.03 0
-0.02 -0.03 -0.02 0 -0.005 -0.007 -0.05 -0.03 -0.03 -0.02 -0.02 -0.009 -0.01 0.02 -0.01 0 0.01 0.02 -0.005 -0.01 0 0.02 0.01 -4e-04 -0.03 0.007 -0.01 0.009 -0.008 -0.02 -0.06 -0.2 0 -0.04 -0.09 -0.09 -0.1 0
0.02 0.03 0.01 0 0.02 0.01 -0.05 -0.03 -0.03 -0.02 -0.02 -0.04 -0.04 -0.02 -0.02 0 -0.03 -0.02 -0.01 -0.007 0 -0.007 -0.003 -0.01 -0.03 -0.01 -0.02 -0.01 -0.03 -0.03 -0.03 -0.09 0 -0.02 -0.06 -0.05 -0.08 0
0.008 0.03 0.007 0 0.02 0.01 -0.04 -0.04 -0.02 -0.02 -0.02 -0.01 -0.01 0.005 0.01 0 -0.01 0.02 0.03 -0.009 0 -0.03 -0.01 -0.005 0.05 -0.006 9e-04 0.03 0.03 0.03 -0.01 -0.04 0 0.01 -0.04 -0.01 -0.09 0
-0.02 7e-04 -0.03 0 -0.04 -0.03 -0.06 -0.08 -0.07 -0.07 -0.07 -0.07 -0.08 -0.08 -0.07 0 -0.09 -0.06 -0.07 -0.07 0 -0.08 -0.07 -0.08 -0.09 -0.1 -0.08 -0.08 -0.09 -0.09 -0.05 -0.02 0 0.02 -0.01 0 -0.04 0
-0.04 -0.02 -0.03 0 -0.07 -0.04 -0.05 -0.08 -0.07 -0.06 -0.07 -0.08 -0.08 -0.1 -0.1 0 -0.09 -0.1 -0.1 -0.08 0 -0.07 -0.07 -0.1 -0.08 -0.1 -0.1 -0.1 -0.2 -0.2 -0.09 -0.02 0 -0.07 -0.1 -0.1 -0.2 0
0.01 0.01 0.009 0 -0.03 -0.01 -0.01 -0.05 -0.04 -0.03 -0.03 -0.05 -0.05 -0.08 -0.1 0 -0.06 -0.09 -0.09 -0.06 0 -0.04 -0.04 -0.06 -0.05 -0.07 -0.08 -0.09 -0.1 -0.1 -0.08 -0.06 0 -0.06 -0.1 -0.1 -0.1 0
-0.02 -0.03 -0.04 0 -0.03 -0.03 -0.04 -0.07 -0.08 -0.05 -0.06 -0.07 -0.07 -0.07 -0.07 0 -0.08 -0.06 -0.06 -0.08 0 -0.07 -0.07 -0.08 0 -0.06 -0.08 -0.07 -0.07 -0.07 0.009 0.01 0 0.04 0.01 0.02 0.09 0
-0.002 -0.008 -0.005 0 -0.02 0.007 -0.02 -0.04 -0.07 -0.04 -0.07 -0.09 -0.09 -0.1 -0.1 0 -0.1 -0.1 -0.1 -0.09 0 -0.1 -0.1 -0.1 -0.1 -0.1 -0.1 -0.1 -0.2 -0.2 -0.04 -0.02 0 -0.03 -0.06 -0.06 0.04 0
-0.02 -0.03 -0.05 0 -0.05 -0.05 -0.05 -0.08 -0.08 -0.08 -0.1 -0.1 -0.1 -0.1 -0.1 0 -0.1 -0.1 -0.1 -0.1 0 -0.1 -0.1 -0.1 -0.1 -0.1 -0.1 -0.2 -0.2 -0.2 -0.1 -0.1 0 -0.1 -0.1 -0.1 -4e-04 0
-0.02 -0.04 -0.03 0 -0.01 -0.009 -0.005 -0.05 -0.003 -0.02 -0.03 -0.02 -0.007 -0.02 -0.02 0 -0.02 -0.02 -0.05 -0.05 0 -0.04 -0.03 -0.05 -0.09 -0.06 -0.06 -0.07 -0.07 -0.06 -0.07 -0.1 0 -0.03 -0.05 -0.05 0.05 0
-0.02 -0.08 -0.06 0 -0.08 -0.06 -0.06 -0.09 -0.05 -0.06 -0.06 -0.06 -0.05 -0.07 -0.05 0 -0.02 -0.07 -0.07 -0.05 0 -0.03 -0.02 -0.05 0 -0.07 -0.06 -0.07 -0.09 -0.07 -0.06 -0.1 0 -0.03 -0.03 -0.003 0.09 0
-0.07 -0.1 -0.09 0 -0.09 -0.08 -0.1 -0.1 -0.08 -0.08 -0.09 -0.09 -0.07 -0.06 -0.05 0 -0.06 -0.05 -0.04 -0.09 0 -0.09 -0.08 -0.08 0 -0.09 -0.07 -0.03 -0.07 -0.04 -0.03 -0.09 0 -0.02 -0.02 -0.03 -0.03 0
-0.08 -0.1 -0.09 0 -0.1 -0.08 -0.1 -0.1 -0.07 -0.08 -0.07 -0.07 -0.06 -0.07 -0.06 -0.06 -0.05 -0.07 -0.06 -0.07 0 -0.06 -0.06 -0.07 0 -0.05 -0.07 -0.04 -0.09 -0.06 0.005 0.01 0 -0.004 0.003 0.006 -0.05 0
-0.06 -0.06 -0.07 0 -0.08 -0.06 -0.1 -0.09 -0.1 -0.09 -0.1 -0.1 -0.1 -0.1 -0.1 -0.2 -0.1 -0.1 -0.1 -0.1 0 -0.09 -0.09 -0.1 -0.1 -0.08 -0.1 -0.09 -0.1 -0.1 -0.05 -0.03 0 -0.03 -0.05 -0.08 -0.2 0
-0.02 -0.009 -0.02 0 -0.04 -0.02 -0.09 -0.04 -0.06 -0.04 -0.03 -0.01 -0.01 -0.04 -0.06 0.02 0.009 -0.04 -0.05 -0.04 0 -0.03 -0.03 -0.04 0.03 -0.04 -0.04 -0.06 -0.05 -0.07 -0.06 0.01 0 -0.04 -0.06 -0.08 -0.2 0
-0.03 -0.004 -0.009 0 -0.02 -0.02 -0.05 -0.04 -0.03 -0.03 -0.02 -0.007 -0.008 -0.007 -0.04 0.01 -0.008 -0.01 -0.007 -0.02 0 -0.02 -0.01 -0.02 -0.01 -0.04 -0.02 -0.04 -0.05 -0.05 -0.05 0.01 0 -0.01 -0.08 -0.09 -0.2 0
-0.02 -0.03 -0.03 0 -0.04 -0.05 -0.04 -0.06 -0.04 -0.03 -0.04 -0.03 -0.02 -0.03 -0.02 0.01 0.003 -0.005 -0.01 -0.02 0 -0.02 -0.01 -0.01 0.005 -0.03 -0.01 -0.01 -0.03 -0.03 -0.05 0.04 0 -0.03 -0.09 -0.1 -0.2 0
0.008 -0.008 0.001 0 -0.02 -0.02 0.01 -0.006 -0.01 8e-04 -0.002 -0.01 0.007 4e-04 0.002 -0.005 0.005 0.02 0.02 -0.01 0 -0.02 -0.02 -0.006 -0.006 -0.01 4e-05 0.02 0.006 0.008 -0.03 0.001 0 -0.009 -0.04 -0.04 -0.06 0
-0.02 -0.05 -0.03 0 -0.04 -0.05 -0.01 -0.05 -0.06 -0.03 -0.02 -0.03 -0.01 -0.02 0 -0.03 0.02 0.008 0.02 0.02 0 0.01 0.02 0.02 0.03 0.05 0.03 0.04 0.03 0.03 -0.005 -0.001 0 0 0.02 0.02 0.06 0
-0.02 -0.02 -0.04 0 -0.03 -0.04 -0.02 -0.05 -0.08 -0.05 -0.04 -0.05 -0.05 -0.07 -0.07 -0.08 -0.04 -0.05 -0.07 -0.06 0 -0.06 -0.06 -0.07 -0.05 -0.04 -0.07 -0.08 -0.07 -0.06 -0.06 0.005 0 0 0 -0.07 0.03 0
-0.02 0.006 -0.02 0 -0.001 -0.02 0.01 -0.004 -0.03 -0.03 -0.05 -0.06 -0.07 -0.08 -0.08 -0.09 -0.06 -0.09 -0.09 -0.05 0 -0.06 -0.05 -0.06 -0.07 -0.06 -0.08 -0.03 -0.1 -0.09 -0.08 -0.06 0 0 -0.1 -0.1 -0.04 0
-0.07 -0.09 -0.09 0 -0.07 -0.1 -0.08 -0.1 -0.09 -0.1 -0.1 -0.2 -0.1 -0.1 -0.1 -0.1 -0.2 -0.1 -0.08 -0.2 0 -0.2 -0.2 -0.1 -0.2 -0.2 -0.1 -0.07 -0.06 -0.04 -0.08 -0.06 0 0 -0.1 -0.1 -0.07 0
-0.06 -0.08 -0.05 0 -0.08 -0.08 -0.05 -0.06 -0.03 -0.05 -0.04 -0.06 -0.07 -0.08 -0.1 0.04 -0.07 -0.1 -0.1 -0.05 0 -0.03 -0.02 -0.06 -0.05 -0.07 -0.07 -0.1 -0.1 -0.1 -0.1 -0.1 0 0 -0.2 -0.1 -0.1 0
-0.06 -0.07 -0.06 0 -0.08 -0.08 -0.05 -0.06 -0.03 -0.04 -0.04 -0.04 -0.05 -0.07 -0.1 0.2 -0.01 -0.09 -0.1 -0.03 0 0 9e-04 -0.04 -0.04 -0.07 -0.06 -0.09 -0.1 -0.1 -0.1 -0.1 0 0 -0.1 -0.09 -0.06 0
-0.09 -0.1 -0.1 0 -0.1 -0.1 -0.1 -0.1 -0.1 -0.1 -0.1 -0.1 -0.1 -0.1 -0.1 -0.09 -0.1 -0.1 -0.2 -0.1 0 0 -0.1 -0.1 -0.2 -0.1 -0.1 -0.1 -0.1 -0.1 -0.03 -0.08 0 0 -0.004 0.03 0.02 0
-0.09 -0.1 -0.1 0 -0.1 -0.1 -0.2 -0.08 -0.1 -0.1 -0.1 -0.1 -0.1 -0.1 -0.1 -0.1 -0.1 -0.1 -0.1 -0.1 0 -0.09 -0.1 -0.1 -0.2 -0.1 -0.1 -0.1 -0.1 -0.1 -0.05 -0.08 0 0 -0.03 -0.02 -0.06 0
-0.05 -0.04 -0.03 0 -0.03 -0.04 -0.08 -0.02 -0.05 -0.04 -0.03 -0.02 -0.03 -0.03 -0.06 -0.08 -0.04 -0.05 -0.07 -0.04 0 -0.04 -0.04 -0.05 -0.07 -0.03 -0.05 -0.06 -0.07 -0.07 -0.06 -0.06 0 0 -0.1 -0.1 -0.2 0
-0.03 -0.003 -0.02 0 -0.01 -0.03 -0.04 -0.02 -0.03 -0.03 -0.03 -0.02 -0.03 -0.01 -0.03 -0.08 -0.03 -0.02 -0.03 -0.02 0 -0.03 -0.04 -0.03 -0.04 -0.05 -0.04 -0.01 -0.01 -0.02 0.01 0.06 0 0 0.05 0.06 -0.03 0
-0.01 0.02 -0.01 0 -0.03 -0.05 -0.05 -0.04 -0.03 -0.05 -0.03 -0.03 -0.05 -0.04 -0.03 -0.08 -0.04 -0.04 -0.07 -0.03 0 -0.03 -0.03 -0.04 -0.05 -0.06 -0.05 -0.06 -0.08 -0.07 -0.05 0 0 0 -0.06 -0.07 -0.1 0
-0.03 -0.007 -0.009 0 -0.03 -0.05 -0.01 -0.03 -0.02 -0.02 0.01 0.002 -0.006 0.02 0.005 -0.03 -0.02 0.01 -0.02 -0.02 0 -0.03 -0.03 -0.01 -0.03 -0.02 -0.02 0.005 -0.009 -0.007 -0.005 0.01 0 0 0 0.005 0.02 0
-0.02 0.002 0 0 0.004 -0.01 0.02 0.004 0.004 0.006 0.003 0.04 0.03 0.05 0.05 0.003 0.05 0.07 0.06 0.04 0 0.03 0.03 0.04 0.04 0.06 0.05 0.06 0.07 0.07 0.05 0.06 0 0 0 -0.003 0.03 0
-0.05 -0.04 0 0 -0.05 -0.04 -0.03 -0.02 -0.07 -0.06 -0.07 -0.08 -0.09 -0.1 -0.1 -0.1 -0.05 -0.1 -0.1 -0.06 0 -0.03 -0.04 -0.07 -0.05 -0.04 -0.08 -0.1 -0.1 -0.1 -0.03 -0.02 0 0 -0.02 -0.03 0.03 0
0.008 0 0 0 0.03 0.009 0.008 0.02 -0.02 -0.009 -0.03 -0.05 -0.06 -0.07 -0.06 -0.1 -0.08 -0.06 -0.06 -0.04 0 -0.06 -0.06 -0.06 -0.05 -0.04 -0.05 -0.06 -0.04 -0.05 0.01 0.05 0 0 0.007 -0.02 0.09 0
-0.03 0.01 0.007 0 9e-04 -0.006 0.005 -0.002 0.007 -0.006 0.004 -0.007 -0.02 -0.05 -0.03 0.03 -0.01 -0.03 -0.05 -0.02 0 -0.01 -0.01 -0.02 -0.04 -0.03 -0.03 -0.07 -0.05 -0.05 -0.06 -0.03 0 0 0 -0.05 0.06 0
-0.1 -0.09 -0.07 0 -0.09 -0.08 -0.05 -0.06 -0.02 -0.05 -0.02 0.001 -0.02 -0.02 -0.02 0.2 0.04 -0.002 0.003 -0.009 0 0.02 0.02 0.005 0.07 0.01 0.01 0.01 0.03 0.02 -0.01 -0.01 0 0 0 0.04 0.2 0
0.02 -0.003 0.02 0 -0.02 -0.04 0 -0.005 0.02 -0.007 -0.005 -0.01 -0.03 -0.006 -0.04 0.1 0.01 -0.03 -0.02 0.02 0 0.04 0.03 0.01 0.07 -3e-04 0.01 -0.01 -0.02 -0.02 0.03 0.05 0 0 0 0.07 0.2 0
0.05 0.03 0.06 0 0.04 0.004 0.004 0.01 0.04 0.02 0.02 0.009 -0.008 7e-05 -0.009 0.07 -0.02 -0.007 -0.02 -0.001 0 0.008 0.001 -0.01 -0.05 -0.04 -0.01 -0.03 -0.03 -0.02 -0.002 -0.07 0 0 0 -0.05 -0.02 0
-0.008 -0.03 0.01 0 -0.02 -0.04 -0.06 -0.01 -0.03 -0.02 -0.02 -0.02 -0.04 -0.03 -0.04 -0.03 -0.04 -0.03 -0.05 -0.03 0 -0.008 -0.02 -0.02 -0.009 -0.009 -0.03 -0.05 -0.03 -0.05 -0.06 -0.08 0 0 -0.05 -0.04 -0.06 0
0.03 0.04 0.03 0 0.02 -0.01 -0.04 0.01 -0.02 0.004 0.01 -5e-04 -0.02 0.01 -0.002 -0.05 0.01 0.008 -5e-04 0.01 0 0.02 0.009 0.02 8e-04 0.04 0.02 0.01 0.02 0.01 -0.005 -0.03 0 0.05 0.01 0.02 -0.05 0
0.03 0.03 0.02 0 0.03 -0.02 -0.02 0.007 -0.01 -0.009 0.002 -0.01 -0.02 0.005 -0.01 -0.08 0.005 0.005 0.009 0.01 0 0.01 0.005 0.02 -0.01 0.02 0.01 0.01 0.02 0.01 0.05 0.06 0 0.2 0.1 0.2 0.09 0
0.03 0.04 0.02 0 0.04 -0.02 0.004 -0.004 0.01 0.004 0.01 0.01 0.005 0.04 0.03 -0.05 0.01 0.04 0.05 0.03 0 0.02 0.02 0.04 0.01 0.03 0.03 0.05 0.05 0.05 0.07 0.1 0 0.1 0.09 0.08 0.03 0
0.01 -0.004 -0.001 0 -0.01 -0.06 -0.01 -0.03 -0.01 -0.02 -0.02 -0.03 -0.04 2e-04 -0.03 -0.06 -0.02 -0.03 -0.03 -0.03 0 -0.03 -0.03 -0.03 -0.04 -0.03 -0.03 -0.03 -0.03 -0.03 0.02 0.08 0 0.04 0.01 -0.008 -0.04 0
0.02 8e-04 0.001 0 -0.04 -0.08 -0.01 -0.04 0 -0.03 -0.03 -0.06 -0.07 -0.01 -0.06 -0.08 -0.03 -0.05 -0.04 -0.03 0 -0.02 -0.03 -0.03 -0.02 -0.02 -0.03 -0.03 -0.02 -0.04 0.04 0.1 0 0.07 0.06 0.04 0.06 0
-0.02 -0.02 -0.03 0 -0.05 -0.09 -0.02 -0.05 0 -0.05 -0.05 -0.07 -0.09 -0.07 -0.08 -0.1 -0.06 -0.08 -0.08 -0.06 0 -0.05 -0.05 -0.06 -0.06 -0.03 -0.07 -0.07 -0.07 -0.08 0.01 0.03 0 0.06 0.06 0.06 0.2 0
0.007 0.05 0.04 0 0.07 0.006 0.06 0.04 0 0.05 0.07 0.05 0.05 0.09 0.07 -0.05 0.04 0.07 0.04 0.01 0 0.004 0.004 0.02 -0.02 0.05 0.01 0.03 0.06 0.05 0.07 0.08 0 0.1 0.1 0.09 0.2 0
-0.04 -0.01 -0.009 0 -0.004 -0.07 0.02 -0.004 -0.004 -0.02 -0.003 -0.02 -0.03 0.05 -0.02 -0.04 -0.02 -0.02 -0.03 -0.03 0 -0.05 -0.03 -0.03 -0.08 0.003 -0.03 -0.04 -0.03 -0.02 -0.04 -0.06 0 -0.04 -0.07 -0.09 -0.03 0
-0.04 0.009 0.02 0 0.006 -0.05 0.02 -0.01 0.02 -0.007 0.003 -0.009 -0.03 0.02 -0.02 0.04 -0.007 -0.03 -0.04 -0.04 0 -0.04 -0.03 -0.04 -0.09 -0.03 -0.05 -0.05 -0.05 -0.04 -0.1 -0.1 0 -0.03 -0.06 -0.06 0.1 0
0.06 0.08 0.09 0 0.07 0.05 0.06 0.03 0.08 0.04 0.02 0.01 -0.006 0.02 0.02 0.08 -0.02 0.001 0.01 0.03 0 -0.004 0.02 0 -0.05 -0.01 0.006 -0.01 -0.01 0.003 -0.01 -0.03 0 0.02 -0.01 -0.02 0.2 0
0.004 0.02 0.03 0 0.01 4e-04 0.02 -2e-04 0.03 0.01 0.02 0.02 -0.01 0 0.02 0.07 0.01 0.01 0.01 0.03 0 0.04 0.04 0 -0.003 0.04 0.02 0.02 0.01 0.02 0.03 -0.08 0 0.07 0.04 0.03 0.07 0
0.03 0.04 0.05 0 0.03 0.03 -0.002 0.05 0.03 0.03 0.02 3e-05 -0.03 0.07 -0.008 -0.01 -0.04 -0.03 -0.03 -0.02 0 -0.04 -0.03 0 -0.06 0.002 -0.03 -0.04 -0.03 -0.03 -0.04 -0.1 0 -0.06 -0.09 -0.1 -0.1 0
-0.02 0.01 -0.01 0 -0.002 -0.02 -0.06 -0.003 -0.04 -0.02 -0.009 -0.01 -0.04 0.04 -0.01 -0.07 -0.02 -0.03 -0.04 -0.02 0 0.01 -0.005 0 -0.03 0.03 -0.04 -0.03 -0.02 -0.03 -0.03 -0.08 0 0.007 -0.003 -0.02 -0.07 0
-0.07 -0.03 -0.05 0 -0.02 -0.05 -0.09 -0.05 -0.05 -0.04 -0.01 0.006 -0.02 0.04 0.03 -0.08 0.03 0.03 0.04 -0.01 0 0.006 0.009 0 0.02 0.08 -4e-04 0.08 0.1 0.07 0.07 0.01 0 0.1 0.1 0.07 0.01 0
0.02 0.06 0.03 0 0.03 0.02 0.001 0.03 0.01 0.007 0.02 0.03 0.002 0.02 0.03 0.009 0.03 0.01 0.03 0.03 0 0.04 0.03 0.02 0.03 0.05 2e-04 0.04 0.06 0.04 0.09 0.1 0 0.2 0.2 0.1 0.07 0
0.03 0.04 0.02 0 0.02 0.01 0.02 0.03 0.02 0.01 0.04 0.03 0.01 0.03 0.03 0.03 0.02 0.02 0.001 0.01 0 0.02 0.02 0.01 0.01 -0.04 0.01 0.005 0.007 0.006 0.03 0.06 0 -0.005 -0.03 -0.05 -0.1 0
-0.01 -0.01 -0.02 0 -0.04 -0.05 -0.03 -0.02 -0.04 -0.03 -0.02 -0.02 -0.04 0.01 -0.02 -0.05 -0.02 -0.02 -0.03 -0.04 0 -0.02 -0.04 -0.03 -0.03 -0.05 -0.03 -0.01 -0.02 -0.03 0.08 0.07 0 -0.01 -0.02 -0.05 -0.06 0
-0.04 -0.03 -0.05 0 -0.05 -0.05 -0.02 0.04 -0.07 -0.04 -0.03 -0.03 -0.06 -0.006 -0.03 -0.1 -0.02 -0.02 -0.02 -0.04 0 -0.02 -0.03 -0.03 -0.02 0.01 -0.03 -0.003 -0.003 -0.02 -0.03 -0.002 0 -0.02 -0.02 -0.03 0.03 0
-0.01 0.02 -0.03 0 0.006 -0.007 0.004 0.07 -0.04 -0.02 -0.02 -0.03 -0.05 0.001 -0.02 -0.1 -0.03 -0.02 -0.01 -0.02 0 -0.01 -0.02 -0.01 -0.04 0.01 -0.03 -0.005 0.007 -0.01 0.08 0.07 0 0.09 0.1 0.1 0.3 0
-0.05 -0.05 -0.07 0 -0.03 -0.04 -0.02 -0.02 -0.05 -0.04 -0.03 -0.03 -0.05 0.002 -0.03 -0.04 0.004 -0.03 -0.03 -0.01 0 0.02 0.01 0.003 -0.007 0.04 -0.01 -0.02 -0.01 -0.03 -0.004 0.03 0 0.01 0.02 0.01 0.1 0
-0.003 0.04 0.03 0 0.08 0.05 0.09 0.06 0.1 0.08 0.1 0.1 0.1 0.1 0.1 0.2 0.1 0.1 0.07 0.05 0 0.05 0.06 0.07 0.06 -0.02 0.07 0.06 0.08 0.07 -0.01 0.03 0 -0.05 -0.06 -0.06 0.04 0
-0.07 -0.06 -0.06 0 -0.04 -0.06 -0.007 -0.02 0.01 -0.02 -0.008 0.02 0.04 0.06 0.03 0.2 0.07 0.03 0.07 0.04 0 0.07 0.07 0.07 0.08 0.05 0.08 0.04 0.09 0.07 0.04 0.1 0 0.1 0.1 0.1 0.2 0
0.01 0.01 0.05 0 0.05 0.01 0.04 0.02 0.07 0.04 0.03 0.03 0.04 0.08 0.04 0.09 0.01 0.03 0.04 0.01 0 0.007 0.02 0.02 -0.04 -0.003 0.02 0.02 0.05 0.04 0.1 0.05 0 0.1 0.1 0.2 0.2 0
-0.06 -0.03 -0.01 0 0.008 -0.02 -0.03 -0.03 0 -0.02 -0.007 -0.01 0.006 0.05 6e-04 0.04 -0.02 -0.007 0.003 -0.004 0 -0.01 -0.003 -0.003 0.07 -4e-04 0.007 -0.004 0.03 0.001 -0.02 -0.04 0 -0.06 -0.06 -0.05 -0.07 0
0.009 0.04 0.04 0 0.06 0.05 0.02 0.06 0 0.06 0.08 0.1 0.1 0.2 0.1 0.3 0.2 0.1 0.1 0.1 0 0.2 0.1 0.1 0.4 0.2 0.1 0.1 0.1 0.1 0.07 0.07 0 0.02 0.01 0.008 -0.08 0
0.02 0.06 0.02 0 0.05 0.04 -0.01 0.03 0.02 0.04 0.04 0.05 0.05 0.09 0.04 0.04 0.05 0.04 0.03 0.04 0 0.05 0.04 0.05 0.07 0.06 0.05 0.04 0.04 0.04 -0.02 -0.03 0 -0.05 -0.05 -0.06 -0.1 0
0.01 0.07 -0.03 0 0.03 0.01 -0.02 -0.009 0 -0.004 -0.02 -0.03 -0.02 0.03 -0.02 -0.1 -0.04 -0.02 -0.01 -0.02 0 -0.02 -0.03 -0.009 -0.05 -0.01 -2e-04 -0.007 -0.01 -0.002 -0.02 -0.007 0 0.007 0.008 0.006 -0.08 0
0.03 0.06 8e-04 0 0.03 0.01 0.01 0.008 0.02 0.02 0.006 0.002 0.03 0.07 0.02 -0.04 -0.008 0.01 0.006 -0.002 0 -0.006 -0.004 0.006 -0.03 -0.008 0.02 0.009 -0.003 0.01 -4e-04 0.03 0 0.02 -0.004 -0.03 -0.1 0
0.01 0.02 0.01 0 0.005 -0.001 0.01 0.02 0 0.02 0.02 0.01 0.03 0.03 0.02 -0.01 -0.004 0.003 -0.004 0.003 0 0.007 0 0.01 -0.01 0.004 0.01 0.01 -0.02 -0.003 -0.04 -0.03 0 -0.04 -0.07 -0.09 -0.1 0
0.04 0.03 0.02 0 0.002 -0.06 0.02 0.03 -3e-04 0.008 0.004 3e-06 0.006 0.002 -8e-04 -0.04 -0.004 -0.02 -0.02 0.02 0 0.04 0 0.02 0.003 0.02 0.004 -9e-04 -0.08 -0.02 0.005 0.02 0 0.03 0.02 0.006 0.01 0
-0.01 -0.008 -0.03 0 -0.01 -0.02 -0.02 0.002 -0.04 -0.03 -0.03 -0.04 -0.02 -0.01 -0.02 -0.1 -0.03 -0.04 -0.03 -0.03 0 -0.03 -0.03 -0.02 -0.05 0.002 -0.03 -0.03 -0.1 -0.03 0.01 -0.009 0 -0.002 -0.01 -0.03 0.02 0
-0.02 -0.002 -0.03 0 0.002 -0.01 -4e-04 0.006 -0.03 -0.03 -0.02 -0.02 -0.003 -0.002 -0.01 -0.07 -0.002 -0.03 -0.03 -0.01 0 -0.01 -0.02 -0.01 -0.05 0.004 -0.02 -0.05 -0.08 -0.03 0.03 0.01 0 0.01 0.008 -0.01 0.09 0
-0.03 -0.004 -0.02 0 -0.003 0.006 0.03 0.03 0.03 0.007 0.03 0.04 0.05 0.05 0.04 0.1 0.08 0.03 0.04 0.06 0 0.06 0.07 0.06 0.1 0.07 0.05 0.05 -0.007 0.05 -0.006 -0.02 0 0.02 0.03 0.01 0.1 0
-0.06 -0.06 -0.04 0 0 -0.04 -0.03 -0.05 0 -0.03 -0.04 -0.02 -0.005 -0.009 0.006 0 0.01 -0.01 0.009 -0.004 0 -0.01 0.002 0.004 -0.02 -0.01 -0.02 -0.004 -0.03 0.008 -0.02 -0.06 0 -0.04 -0.06 -0.1 0.01 0
-0.09 -0.1 -0.09 0 0 -0.09 -0.07 -0.08 0 0 -0.06 -0.06 -0.05 -0.07 -0.05 0 0.004 -0.07 -0.06 -0.06 0 -0.05 0 -0.06 -0.01 -0.008 -0.09 -0.04 -0.07 -0.05 -0.08 -0.1 0 -0.07 -0.07 -0.1 -0.01 0
-0.06 -0.05 -0.04 0 0 -0.05 -0.05 -0.05 0 0 -9e-04 -0.01 -0.007 -0.01 0.02 0 -6e-05 0.01 0.03 0.01 0 0.02 0.02 0.02 0.2 0.04 0.003 0.04 0.02 0.03 0.02 -0.007 0 0 0.06 0.02 0.05 0
-0.02 -0.001 -0.02 0 -0.05 0 -0.06 -0.008 0 -0.05 -0.05 -0.04 -0.05 -0.08 -0.06 0 -1e-06 -0.07 -0.05 -0.01 0 0.007 -0.006 -0.02 0.1 -0.02 -0.06 -0.04 -0.07 -0.05 -0.05 -0.07 0 0 -0.05 -0.08 -0.02 0
0 -0.007 -0.07 0 -0.09 0 -0.1 -0.06 0 -0.09 -0.09 -0.07 -0.08 -0.1 -0.1 0 2e-05 -0.1 -0.1 -0.07 0 -0.05 -0.06 -0.06 -0.06 -0.05 -0.1 -0.08 -0.1 -0.09 -0.1 -0.1 0 -0.09 -0.1 -0.1 -0.05 0
0.01 0.07 0.02 0 0.01 0 -0.03 0.003 -0.009 -0.02 -0.01 -0.01 -0.007 -0.03 -0.006 0 -6e-06 -9e-05 0.009 -0.01 0 -0.03 -0.03 -0.009 -0.06 -0.02 -0.02 0.003 -0.01 0.02 0.06 0.04 0 0.1 0.09 0.07 0.004 0
-0.04 0.004 -0.05 0 -0.07 0 -0.06 -0.02 -0.04 -0.05 -0.05 -0.04 -0.04 -0.09 -0.06 0 -0.02 -0.07 -0.06 -0.03 0 -0.002 -0.02 -0.03 -0.06 -0.04 -0.05 -0.06 -0.1 -0.06 -0.06 -0.006 0 -0.04 -0.05 -0.08 -0.1 0
-0.009 0.03 -0.007 0 -0.04 -0.04 -0.02 -0.01 -0.02 -0.03 -0.02 -0.02 -0.02 -0.07 -0.05 0 -0.02 -0.05 -0.07 -0.03 0 -0.02 -0.03 -0.04 -0.06 -0.06 -0.07 -0.08 -0.1 -0.08 -0.05 0.007 0 -0.07 -0.08 -0.1 -0.01 0
-0.02 -0.01 -0.03 0 -0.05 -0.06 -0.03 -0.04 -0.04 -0.04 -0.04 -0.05 -0.04 -0.08 -0.06 0 -0.04 -0.06 -0.06 -0.04 0 -0.02 -0.03 -0.05 -0.02 -0.04 -0.07 -0.05 -0.07 -0.06 -0.05 -0.01 0 -0.05 -0.05 -0.07 -0.07 0
0.02 0.02 0.009 0 0.008 -0.01 0.02 5e-04 -0.02 -0.009 -0.009 -0.02 -0.01 -0.03 -0.003 0 -0.02 -0.005 -0.01 -0.02 0 -0.04 -0.03 -0.02 -0.05 0.002 -0.04 -0.02 -0.06 -0.02 0.01 0.05 0 0.01 0.03 0.02 0.05 0
-0.008 0.01 -0.02 0 -0.007 -0.02 0.007 0 -0.03 -0.02 -0.02 -0.02 -0.02 -0.03 0.003 0 -0.006 -0.003 0.03 0.01 0 0.01 0.009 0.02 -0.01 0.05 -0.003 0.02 0.03 0.03 0.02 0.04 0 0.02 0.06 0.07 0.2 0
-0.05 -0.02 -0.08 0 -0.07 -0.08 -0.05 -0.06 -0.07 -0.09 -0.09 -0.1 -0.09 -0.1 -0.07 0 -0.07 -0.08 -0.05 -0.06 0 -0.07 -0.06 -0.06 -0.09 -0.03 -0.08 -0.06 -0.05 -0.04 -0.07 -0.09 0 -0.06 -0.02 -0.003 0.1 0
-0.06 -0.06 -0.03 0 -0.02 -0.03 0.03 -0.02 0 0.006 0.03 0.04 0.06 0.02 0.08 0 0.08 0.09 0.1 0.05 0 0.07 0.07 0.08 0.04 0.07 0.06 0.1 0.07 0.1 0.1 0.1 0 0.2 0.2 0.2 0.3 0
-0.03 -0.03 0.003 0 -0.04 -0.05 -0.003 -0.01 0 -0.01 -0.01 -0.007 -0.009 -0.1 -0.007 0 -7e-04 -0.03 -0.006 0.004 0 0.02 -0.04 -0.004 0.02 -0.02 -0.02 -0.02 -0.07 -0.02 0.006 0.01 0 0.004 0.03 0.02 0.01 0
-0.006 -0.01 0.01 0 -0.04 -0.07 -0.05 -0.07 -0.02 -0.06 -0.08 -0.09 -0.07 -0.2 -0.1 0 -0.2 -0.1 -0.09 -0.09 0 -0.1 -0.2 -0.1 -0.2 -0.1 -0.1 -0.1 -0.2 -0.1 -0.07 -0.08 0 -0.09 -0.08 -0.08 -0.06 0
-0.03 -0.02 -0.002 0 -0.03 -0.03 -0.04 -0.02 -0.004 -0.01 -0.008 -0.004 -0.004 -0.08 0.01 0 -0.01 0.004 0.009 -0.003 0 0.01 -0.03 -0.003 -0.06 6e-04 -0.02 0.009 -0.04 0.005 0.03 0.009 0 -0.004 0.07 0.1 0.06 0
-0.02 0.003 -0.05 0 -0.04 -0.06 -0.09 -0.05 -0.07 -0.07 -0.08 -0.08 -0.08 -0.1 -0.07 0 -0.1 -0.08 -0.07 -0.06 0 -0.06 -0.07 -0.07 -0.1 -0.05 -0.09 -0.06 -0.1 -0.07 -0.01 -0.06 0 -0.02 0.04 0.06 -0.02 0
0.004 0.04 0.01 0 0.04 0.02 -0.007 0.03 0.02 0.02 0.02 0.02 0.03 -0.002 0.05 0 0.02 0.04 0.04 0.04 0 0.05 0.04 0.05 0.02 0.06 0.03 0.04 0.03 0.04 0.05 0.04 0 0.05 0.08 0.1 -0.02 0
-0.05 -0.02 -0.04 0 -0.04 -0.07 -0.07 -0.06 -0.05 -0.06 -0.06 -0.05 -0.04 -0.02 -0.02 0 -0.05 -0.03 -0.009 -0.04 0 -0.03 -0.03 -0.03 -0.05 -0.02 -0.04 -0.01 1e-04 -0.008 0.01 0.1 0 0.04 0.06 0.09 -0.03 0
-0.005 0.01 -0.003 0 -0.02 -0.04 -0.01 -0.02 -0.007 -0.02 -0.02 -0.009 -0.006 0.01 0.02 0 -6e-04 0.008 0.03 0.03 0 0.04 0.04 0.03 0.08 0.02 0.02 0.03 0.05 0.03 0.04 0.2 0 0.04 0.05 0.06 -0.03 0
0.004 0.007 0.009 0 -8e-04 -0.02 0.03 0.005 0.02 0.02 0.02 0.03 0.03 0.01 0.07 0 0.05 0.06 0.07 0.04 0 0.06 0.07 0.05 0.08 0.06 0.05 0.08 0.09 0.07 0.1 0.1 0 0.1 0.1 0.2 0 0
-0.001 0.002 -0.01 0 -0.01 -0.05 0.02 1e-04 -0.008 0.003 0.001 0.01 0.02 0.03 0.04 0 0.02 0.03 0.05 0.04 0 0.05 0.05 0.04 0.06 0.07 0.03 0.06 0.08 0.05 0.1 0.2 0 0.1 0.2 0.2 0 0
0.03 1e-05 0.02 0 0.02 -0.005 0.05 0.05 0.01 0.02 0.02 0.03 0.03 0.04 0.04 0 0.04 0.02 0.03 0.05 0 0.07 0.07 0.05 0.08 0.08 0.03 0.02 0.04 0.02 0.07 0.1 0 0.06 0.1 0.1 0 0.1
0.04 0.05 0.08 0 0.03 0.01 0.05 0.07 0.03 0.04 0.03 0.02 0.01 -0.01 -0.008 0 -0.02 -0.05 -0.03 -0.006 0 -3e-04 -0.004 -0.03 -0.03 -0.02 -0.05 -0.07 -0.05 -0.06 -0.02 0.06 0 -0.06 -0.05 -0.05 0 -0.05
0.02 0.04 0.05 0 0.04 -0.002 0.04 0.02 0.06 0.02 0.009 0.02 0.03 0.03 0.03 0 0.02 0.005 0.003 -0.02 0 -0.02 -0.006 -0.009 -0.02 -0.008 -0.02 -0.03 0.005 -0.008 -0.03 0.004 0 -0.01 0.008 0.02 0 0.002
0 0.1 0.1 0 0.1 0.1 0.1 0.09 0.2 0.1 0.1 0.1 0 0.1 0.1 0 0.01 0.1 0.1 0.09 0 0.04 0.07 0.08 0.07 0.06 0.09 0.1 0.1 0.1 0.04 -9e-05 0 0.005 0.009 -3e-04 0 0.01
0 0.02 0.06 0 9e-04 0.008 0.01 0 0.06 0.05 0.03 0.05 0 0.04 0.02 0.3 0.03 0.02 0.04 0.02 0 0.02 0.04 0.02 0.2 0.01 0.01 0.03 0.05 0.03 -0.02 -0.06 0 -0.05 -0.04 -0.04 0 0.003
0 -0.03 -0.01 0 -0.03 -0.03 -0.05 0 -0.02 -0.02 -0.06 -0.05 0 -0.05 -0.05 0.04 -0.07 -0.07 -0.04 -0.03 0 -0.03 -0.02 -0.04 -0.02 -0.04 -0.07 -0.04 -0.03 -0.05 -0.06 -0.1 0 -0.1 -0.08 -0.06 -0.05 -0.03
0 0.05 0.07 0 0.09 0.08 0.03 0.08 0.07 0.08 0.06 0.08 0.08 0.09 0.09 0.09 0.05 0.07 0.06 0.05 0 0.05 0.06 0.05 0.1 0.06 0.03 0.05 0.06 0.05 -0.04 -0.1 0 -0.1 -0.1 -0.1 -0.2 -0.1
-0.02 -0.02 -0.03 0 -0.04 -0.02 -0.07 0.02 -0.05 -0.02 -0.05 -0.03 -0.05 -0.07 -0.07 -0.02 -0.05 -0.1 -0.1 -0.05 0 -0.02 -0.02 -0.06 -0.02 -0.05 -0.1 -0.1 -0.1 -0.1 -0.1 -0.1 0 -0.1 -0.1 -0.1 -0.2 -0.1
0.008 0.04 -0.01 0 0.01 0.02 -0.009 0.03 0.01 0.03 0.004 0.03 0.02 0.02 0.03 -0.03 0.01 0.02 0.04 0.03 0 0.05 0.06 0.05 0.1 0.06 0.03 0.04 0.05 0.04 -0.03 -0.007 0 -0.03 0.004 0.02 -0.1 0
0.03 0.05 0.02 0 0.02 0.03 0.03 0.03 0.05 0.04 0.03 0.05 0.05 0.05 0.06 0.03 0.03 0.04 0.05 0.04 0 0.03 0.06 0.05 0.08 0.04 0.03 0.05 0.06 0.05 -0.01 0.03 0 -0.03 0.001 0.02 -0.08 0
0.03 0.03 -0.002 0 -0.01 -0.006 0.02 0.01 0.02 0.02 0.02 0.02 0.01 0.01 0.02 0.04 8e-04 0.008 0.02 0.008 0 0.007 0.02 0.01 0.07 0.006 -0.01 0.01 0.02 0.007 -0.06 0.03 0 -0.1 -0.1 -0.1 0 0
0.05 0.04 0.03 0 0.04 0.04 0.06 0.04 0.05 0.06 0.06 0.08 0.07 0.07 0.09 0.07 0.09 0.08 0.1 0.1 0 0.1 0.1 0.1 0.3 0.1 0.09 0.1 0.1 0.09 0.05 0.1 0 -0.03 -0.005 -0.002 0 0
0.09 0.07 0.08 0 0.1 0.1 0.1 0.1 0.09 0.1 0.1 0.1 0.1 0.1 0.1 0.06 0.1 0.1 0.1 0.1 0 0.1 0.1 0.1 0.2 0.1 0.1 0.1 0.2 0.1 0.08 0.3 0 0.03 0.06 0.05 0 0
0.06 0.07 0.09 0 0.08 0.1 0.1 0.1 0.09 0.1 0.1 0.1 0 0.08 0.08 0.1 0.1 0.07 0.06 0.1 0 0.1 0.1 0.1 0.2 0.1 0.1 0.05 0.06 0.04 0.06 0.1 0 -0.01 0.01 0.005 0 0
0.07 0.06 0.1 0 0.1 0.1 0.1 0.1 0.1 0.1 0.1 0.2 0.1 0.1 0.1 0.2 0.1 0.1 0.1 0.1 0 0.1 0.1 0.1 0.2 0 0.1 0.1 0.2 0.1 0.05 0.04 0 -0.001 0.02 0.03 0 0
0.05 0 0.07 0 0.05 0.07 0.1 0.1 0.1 0.1 0.1 0.2 0.1 0.1 0.1 0.4 0.2 0.1 0.1 0 0 0.2 0.2 0.2 0.2 0 0.2 0.1 0.1 0.1 0.06 0.05 0 0.02 0.02 0.03 0 0
0.05 0 0.06 0 0.02 0.05 0.06 0.06 0.09 0.06 0.04 0.05 0.03 0.04 0.05 0 0 0.01 0.04 0 0 0.05 0.07 0.06 0.05 0 0.07 0.04 0.03 0.04 0.02 -0.02 0 -2e-04 -0.003 0.007 0 0
0.01 0.005 0.02 0 -0.004 0.02 0.01 0.03 0.04 0.03 0.02 0.03 0.008 0.01 0.02 0.1 0.02 -0.01 0.005 0 0 0.06 0.06 0.04 0.08 0 0.05 0.03 0.02 0.01 0.03 -0.02 0 0.01 0.03 0.04 0 0
0.05 0.04 0.05 0 0.09 0.08 0.05 0.08 0.08 0.09 0.07 0.08 0.06 0.07 0.07 0.09 0.02 0.05 0.05 0 0 0.05 0.06 0.05 0.03 0 0.07 0.07 0.07 0.06 0.05 -0.04 0 0.01 0.03 0.04 0 0
0.07 0.07 0.07 0 0.1 0.1 0 0.1 0.08 0.1 0.07 0.08 0.06 0.07 0.08 -0.02 -6e-04 0.05 0.06 0 0 0.03 0.05 0.05 -0.03 0 0.06 0.06 0.07 0.07 0.08 0.04 0 0.06 0.08 0.08 -0.04 0
0.03 0.03 -0.02 0 0.02 0 -0.02 0.02 0.002 0.01 -0.01 0.01 -0.003 0.008 0.03 -0.09 -0.04 0.009 0.01 0 0 -0.04 -0.02 -0.007 -0.06 -0.01 0.01 0.01 0.03 0.02 -0.02 -0.02 0 -0.02 0.01 0.04 -0.09 0
0.05 0.08 0.02 0 0.05 0.06 0.05 0.06 0.06 0.07 0.05 0 0.07 0.07 0.08 0.03 0.07 0.07 0.1 0.1 0 0.1 0.1 0.1 0.1 0.1 0.1 0.1 0.1 0.1 0.1 0.09 0 0.1 0.1 0.2 0.06 0
0.009 0.002 -0.03 0 -0.004 -0.01 -0.002 -0.02 0.002 0.001 -0.02 0 -0.001 0.002 0.01 -0.03 -0.02 0.008 0.02 0.005 0 -0.009 -0.005 0.003 -5e-04 -0.02 0.02 0.02 0.03 0.02 0.01 0.06 0 0.01 0.04 0.06 -0.03 0
0.02 0.05 0.007 0 0.01 0.02 0.05 0.02 0.03 0.04 0.04 0 0.04 0.04 0.04 0.01 0.03 0.03 0.03 0.04 0 0.03 0.03 0.03 0.04 0 0.04 0.03 0.04 0.03 0.03 0.03 0 0.004 0.05 0.07 0.04 0
0.04 0.03 0.01 0 0.02 0.03 0.04 0.02 0.001 0.02 0.01 0 0.01 0.02 0.03 -0.05 -0.003 0.02 0.02 0.02 0 0.01 0.01 0.02 0.02 0.03 0.02 0.02 0.03 0.02 0.05 0.03 0 0.005 0.06 0.06 0.06 0
0.04 0.05 0.02 0 0.05 0.06 0.07 0.05 0.03 0.04 0.04 0 0.04 0.07 0.06 -0.04 0.04 0.06 0.07 0.05 0 0.03 0.03 0.05 0.03 0.07 0.06 0.07 0.09 0.07 0.03 -0.01 0 -0.03 0.006 0.006 0.05 0
0.04 0.06 0.06 0 0.08 0.09 0.09 0.08 0.09 0.08 0.08 0 0.09 0.09 0.09 0.03 0.07 0.1 0.08 0.08 0 0.05 0.05 0.08 0.09 0.08 0.09 0.06 0.08 0.07 -0.01 -0.04 0 -0.1 -0.09 -0.1 -0.03 0
0.05 0.03 0.05 0 0.06 0 0.07 0.05 0.08 0.05 0.05 0.03 0.05 0.08 0.06 0.09 0.06 0.05 0.08 0.08 0 0.06 0.06 0.07 0.04 0.06 0.09 0.07 0.09 0.08 0.003 -0.03 0 -0.04 -0.01 -0.01 0.06 0
0.06 0 0.08 0 0.07 0.09 0.1 0.09 0.1 0.1 0.1 0.1 0.1 0.1 0.1 0.3 0.2 0.1 0.1 0.1 0 0.2 0.2 0.1 0.2 0.1 0.2 0.1 0.1 0.1 0.03 0.04 0 -0.02 -0.006 0.008 0.04 0
0.1 0 0.2 0 0.2 0.2 0.2 0.2 0.3 0.2 0.3 0.3 0.3 0.3 0.3 0.4 0.3 0.4 0.4 0.3 0 0.3 0.3 0.3 0.5 0 0.4 0.4 0.4 0.4 0.3 0.3 0 0.2 0.2 0.2 0.2 0
0.07 0 0.09 0 0.07 0.08 0.05 0.09 0.09 0.1 0.09 0.09 0.1 0.07 0.08 0.2 0.1 0.08 0.09 0.1 0 0.1 0.1 0.1 0.3 0.1 0.1 0.1 0.1 0.1 0.09 0.1 0 0.04 0.05 0.06 0.02 0
0.08 0 0.09 0 0.1 0.1 0.06 0.1 0.09 0.1 0.1 0.09 0.1 0.09 0.07 0.1 0.09 0.08 0.07 0.09 0 0.1 0.09 0.1 0.1 0.1 0.1 0.08 0.1 0.07 4e-04 0.04 0 -0.05 -0.02 -0.01 -0.1 0
0.03 0 0.05 0 0.1 0.1 0.06 0.1 0.09 0.1 0.1 0.1 0.1 0.2 0.1 0.1 0.1 0.2 0.2 0.1 0 0.1 0.1 0.2 0.2 0.2 0.2 0.2 0.2 0.2 0.09 0.08 0 0.07 0.1 0.1 -0.03 0
0.02 0 0.04 0.02 0.06 0.07 0.05 0.08 0.06 0.07 0.05 0.04 0.06 0.05 0.05 1e-05 0.03 0.06 0.07 0.05 0 0.03 0.03 0.06 0.03 0.03 0.07 0.07 0.09 0.08 0.01 0.009 0 -0.05 -0.04 -0.03 -0.2 0
0.05 0 0.06 0.03 0.05 0.07 0.08 0.08 0.07 0.09 0.06 0.06 0.07 0.05 0.06 0.04 0.05 0.06 0.07 0.06 0 0.06 0.05 0.06 0.07 0.05 0.08 0.07 0.09 0.08 0.001 -0.001 0 -0.03 -0.009 0.003 -0.09 0
-0.006 0 -0.02 -0.07 -0.02 0.002 0.03 0.009 0.01 0.03 0.02 0.02 0.03 0.05 0.04 0.008 0.03 0.04 0 0.05 0 0.05 0.05 0.06 0.07 0.06 0.08 0.09 0.1 0.09 -0.008 -0.04 0 -0.05 -0.04 -0.03 -0.07 0
0.06 0 0.05 0 0.04 0.07 0.08 0.07 0.05 0.07 0.06 0.05 0.05 0.05 0.06 -0.01 0.04 0.05 0 0.07 0 0.06 0.06 0.06 0.06 0.07 0.07 0.07 0.09 0.06 0.02 0.03 0 -0.1 -0.09 -0.08 -0.07 0
7e-04 0 6e-04 0 0.01 0.03 0.04 0.03 0.001 0.01 0.006 0.003 0.007 0.03 0.02 -0.07 0.009 0.01 0.01 0.04 0 0.04 0.03 0.04 0.03 0.06 0.04 0.03 0.03 0.01 -0.01 -0.03 0 -0.06 -0.02 -0.007 0.04 0
-0.02 0 -0.03 0 0.01 0.02 0.02 0.004 -0.007 -0.01 -0.02 -0.04 -0.02 0.01 0.003 -0.1 -0.03 -0.009 0.007 -0.003 0 -0.03 -0.03 -0.005 -0.04 0.01 0.002 -0.006 0.02 0.004 -0.05 0 0 -0.1 -0.08 -0.07 0.01 0
-0.02 0 -0.02 0 -0.02 0.01 0.02 0.007 0.01 -0.01 -0.02 -0.02 -0.009 0.01 -0.002 -0.01 0.001 -0.02 0.002 0.02 0 0.01 -0.004 0.01 -0.02 0.01 0.02 -0.008 -0.01 -0.008 -0.07 -0.1 0 -0.1 -0.1 -0.08 0.008 0
-0.06 0 -0.05 0 -0.05 -0.01 0.004 -0.01 0.03 -0.01 -0.02 -0.03 -0.009 0.02 -0.004 0.06 -0.009 -0.03 0.008 0.03 0 0.01 -0.02 0.02 -0.04 -0.005 0.03 0.004 -0.006 -0.001 0.01 -0.004 0 0.02 0.04 0.05 0.1 0
0.004 0 0.02 0 0.01 0.05 0.06 0.06 0.1 0.08 0.07 0.08 0.09 0 0.09 0.3 0.1 0.07 0.08 0.1 0 0.1 0.08 0.1 0.08 0.08 0.1 0.09 0.07 0.07 0.08 0.08 0 0.07 0.1 0.1 0.1 0
0 0 0.06 0 0.1 0.09 0.07 0.07 0.1 0.1 0.08 0.08 0.1 0.1 0.1 0.1 0.03 0.1 0.1 0.09 0 0.03 0.02 0.08 -0.03 0.05 0.1 0.1 0.1 0.1 0.1 0.002 0 0.1 0.1 0.1 0.09 0
0 0 0.002 0 0.02 0.04 -0.01 0.03 0.02 0.04 0.01 0.006 0.02 0.04 0.02 -0.009 -0.01 0.02 0.007 0.01 0 -0.007 -0.03 0.007 -0.02 0.01 0.02 0.02 0.02 0.009 0.02 -0.05 0 -0.01 0.02 0.02 -0.06 0
0.002 0 -0.02 0 0.04 0.05 -0.01 0.02 0.02 0.04 0.03 0.02 0.04 0.08 0.08 -0.04 0.05 0.08 0.1 0.08 0 0.06 0.05 0.09 0.06 0.1 0.1 0.1 0.1 0.1 0.05 -0.02 0 0.01 0.04 0.04 -0.07 0
-0.04 0 -0.05 0 -0.003 0.01 -0.03 0.005 -4e-04 0.009 -0.005 -0.006 0.009 0.03 0.03 -0.09 0 0.03 0.03 0.02 0 -0.02 -0.02 0.01 -0.02 0.01 0.04 0.03 0.05 0.04 0.03 0.01 0 0.02 0.08 0.08 -0.03 0
-0.005 0 -0.03 0 -0.009 0.007 -0.002 -0.002 0 0.009 -0.009 -0.008 0.005 0 0.02 -0.06 0 0.02 0.03 0.03 0 5e-04 2e-04 0.02 0.008 0.01 0.05 0.04 0.04 0.04 0.03 0.05 0 0.005 0.04 0.03 -0.05 0
0.05 0.05 0.02 0 0.03 0.05 0.06 0.04 0 0.06 0.05 0.04 0 0 0.05 -0.001 0 0.05 0.06 0.05 0 0.02 0.02 0.04 0.04 0.03 0.07 0.07 0.08 0.07 0.05 0.07 0 0.03 0.07 0.06 -0.01 0
0.02 0.02 0.003 0 0.01 0 0.06 0.03 0.05 0.05 0.06 0.07 0 0 0.1 0.05 0.09 0.1 0.1 0.1 0 0.08 0.08 0.1 0.1 0.1 0.1 0.2 0.2 0.1 0.1 0.1 0 0.06 0.1 0.1 0.07 0
0.009 0.01 3e-05 0 0.002 0 0.04 0.03 -9e-04 0.02 0.009 0.002 0.01 9e-05 0.01 -0.01 0.008 0.01 0.02 0.02 0 -0.003 -0.02 0.02 0.03 0.03 0.04 0.03 0.06 0.03 0.1 0.4 0 0.08 0.1 0.2 0.2 0
-0.01 -0.01 -0.04 0 -0.02 6e-04 0.009 0.006 -0.04 -0.03 -0.05 -0.06 -0.05 -0.06 -0.05 -0.1 -0.06 -0.06 -0.06 -0.04 0 -0.06 -0.07 -0.06 -0.06 -0.04 -0.03 -0.06 -0.03 -0.06 0.01 0.2 0 -0.02 0.04 0.04 0.1 0
-0.02 -0.02 -0.03 0 0.01 0.02 0.03 0.01 0.02 0.005 -0.004 -0.002 0.008 0.02 0.02 -0.03 -0.007 0.02 0.002 0.006 0 -0.02 -0.04 8e-04 -0.04 -6e-04 0.03 -0.003 0.03 0.02 0.002 0.04 0 -0.001 0.04 0.03 0.1 0
-0.02 0 -0.04 0 -0.03 -0.01 0.001 -0.02 0.02 -0.02 -0.02 -0.01 -0.01 -0.02 -0.01 0.05 -0.003 -0.03 -0.04 0.01 0 -0.002 -0.03 0.002 -0.01 -0.02 0.02 -0.04 -0.03 -0.03 -0.03 -0.03 0 0 0.008 0.004 0.07 0
0.002 0 0.005 0 0 -0.04 -0.04 -0.09 0 -0.05 -0.08 -0.08 -0.06 -0.05 -8e-04 -0.005 0 -0.06 -0.06 -0.09 0 -0.2 -0.2 -0.1 -0.2 -0.2 -0.08 -0.08 -0.05 -0.05 -0.02 0 0 -0.02 0.02 0.03 0.07 0
-0.03 0 -0.05 0 -0.07 -0.04 -0.05 -0.05 0 -0.05 -0.06 -0.06 -0.06 -0.06 -0.05 0.03 0 -0.07 -0.08 -0.04 0 -0.04 -0.09 -0.05 -0.07 -0.06 -0.03 -0.06 -0.07 -0.07 -0.05 0 0 -0.03 0.006 0.004 -0.01 0
0.007 0 0.01 0 -0.007 0.02 -0.01 0.02 0.03 0.03 0.02 0.05 0.04 0.02 0.03 0.1 0.05 0.03 -0.002 0.03 0 0.04 0.006 0.03 0.02 0.03 0.03 0.02 0.02 0.01 0.01 0 0 -0.005 0.04 0.03 -0.03 0
0.04 0 0.03 0 0.03 0.04 -0.01 0.04 0.03 0.04 0.01 0.04 0.03 0.04 0.04 -0.01 0.02 0.03 0.02 0.02 0 0.009 0 0.02 -0.008 0.03 0.03 0.03 0.05 0.04 0.02 -0.04 0 -0.03 -0.02 -0.03 -0.1 0
0.03 0 0.03 0 0.04 0.05 0.01 0.05 0.04 0.05 0.04 0.08 0.06 0.06 0.06 -0.006 0.05 0.06 0.05 0.06 0 0.06 0 0.07 0.04 0.07 0.07 0.06 0.08 0.07 0.04 0.03 0 0.02 0.04 0.04 -0.1 0
-0.02 0 -0.02 0 0.001 0.01 -0.008 0.006 0.02 0.02 0.009 0.04 0.03 0.01 0.02 -0.02 0.007 0.02 -0.009 0.008 0 -0.004 0 0.008 0.006 -0.01 0.01 -0.008 0.004 0.006 -3e-04 0.02 0 -0.02 0.006 0.006 -0.1 0
0.03 0 0.02 0 0.03 0.05 0.05 0.03 0.07 0.06 0.06 0.07 0.08 0.07 0.07 0.03 0.05 0.08 0.07 0.06 0 0.04 0 0.07 0.06 0.05 0.09 0.08 0.09 0.09 0.06 0.09 0 0.06 0.1 0 0.006 0
0.01 0 -0.002 0 0.001 0.02 0.04 0.004 0.04 0.04 0.04 0.05 0.05 0.05 0.04 0.02 0.02 0.05 0.01 0.02 0 -0.002 0 0.02 0.03 0.005 0.03 0.02 0.03 0.03 0.04 0.1 0 0.03 0.07 0.06 0.01 0
0.006 0.01 -0.02 0 -0.002 0.02 0.04 0.01 0.02 0.02 0.02 0.03 0.03 0.03 0.04 -0.02 0.03 0.05 0.05 0.03 0 0.02 0.01 0.05 0.05 0.07 0.06 0.07 0.08 0.07 0.1 0.1 0 0.06 0.1 0 0.1 0
-0.04 0 -0.06 0 -0.02 -0.003 0.004 -0.02 -0.03 -0.03 -0.02 0.002 -0.006 -0.008 0.001 -0.1 -0.02 0 -0.003 -0.01 0 -0.03 -0.04 -0.001 -0.01 0.02 0.008 0.007 0.03 0.02 0.05 0.07 0 0.04 0.1 0.1 0.2 0
0.05 0 0.05 0.06 0.1 0.1 0.1 0.07 0.09 0.06 0.06 0.07 0.07 0.08 0.08 -0.05 0.008 0 0.06 0.05 0 -0.01 -0.006 0.05 -0.008 0.05 0.06 0.06 0.09 0.08 0.09 0.08 0 0.05 0.09 0.07 0.1 0
-0.04 0 -0.06 -0.06 -0.05 -0.04 -0.03 -0.05 -0.03 -0.06 -0.07 0.008 -0.05 -0.07 -0.05 0 -0.06 -0.07 -0.06 -0.03 0 -0.07 0 -0.04 -0.08 -0.05 -0.03 -0.06 -0.05 -0.05 -0.05 -0.05 0 0 -0.04 -0.04 0 0
0.02 0 0.02 0.02 0.02 0.01 0.03 -5e-04 0.05 0.003 -0.007 0 0.05 0.007 0.01 0 0 -0.02 -0.02 0 0 -0.06 0 -0.03 -0.1 -0.06 -0.01 -0.02 -0.02 -0.003 -0.06 -0.1 0 0 -0.06 -0.06 0 -0.04
-0.01 0 -0.02 -0.05 -0.03 -0.02 -0.03 -0.04 0.008 -0.03 -0.04 0 -0.03 -0.02 -0.02 0.06 -0.03 -0.04 -0.04 -0.005 0 -0.03 -0.02 -0.02 -0.05 -0.04 -0.004 -0.02 -0.04 -0.03 -0.08 -0.2 0 0 -0.07 -0.07 -0.06 -0.06
0.04 0 0.05 0.05 0.07 0.08 0.05 0.06 0.1 0.08 0.08 0 0.08 0 0.08 0.07 0.02 0.08 0.04 0.04 0 -0.003 0.01 0.04 -0.03 0.02 0.05 0.07 0.05 0.06 0.05 -0.04 0 0.01 0.04 0.02 -0.03 0.01
-0.02 0 -0.03 0.02 -1e-04 0.009 -0.03 0.01 0.007 0.01 -0.008 0 0.007 0 -0.003 0.007 -0.01 -0.01 -0.03 0.005 0 -0.002 -0.003 0.003 0.01 0.02 0.02 -6e-04 -0.008 -0.01 -0.04 -0.06 0 -0.09 -0.07 -0.08 -0.2 -0.08
-0.02 0 -0.04 -0.03 0.008 0.007 -0.04 -0.008 0.004 -0.006 -0.01 0 0.007 0.001 0.01 -0.1 -0.02 0.01 -0.002 0.002 0 -0.004 0.003 0.01 -0.03 0.03 0.02 0.02 0.02 0.02 -0.02 -0.07 0 -0.009 0.03 0.03 -0.08 0.02
-0.007 0 -0.02 -0.01 0.02 0.03 -0.005 0.02 0.04 0.02 0.01 0.01 0.03 0.05 0.05 -0.04 0.01 0.04 0.04 0.02 0 0.006 0.02 0.04 0.03 0.04 0.05 0.05 0.06 0.06 0.005 0.04 0 -0.03 -0.02 -0.01 -0.1 -0.04
0.02 0.04 -0.007 -0.01 0.02 0.03 0.03 0.02 0.06 0.03 0.02 0.01 0.03 0.03 0.03 -0.04 -0.003 0.03 0.006 -5e-04 0 -0.02 -0.003 -0.001 -0.01 -0.02 0.01 0.01 0.02 0.03 -0.01 0.04 0 -0.009 0.02 0.03 -0.05 0.01
0.005 0.01 -0.03 -0.04 -0.02 -0.004 0.01 -0.009 0.02 -6e-05 -8e-04 -0.02 0.004 -0.01 -0.003 -0.03 2e-04 -0.008 -0.009 0.02 0 0.03 0.03 0.02 0.04 0.01 0.02 0.008 0.005 0.008 -0.01 0.03 0 -0.02 0.02 0.03 -0.02 0.006
0.03 0.03 0.002 -0.01 0.02 0.04 0.06 0.03 0.05 0.04 0.03 0.02 0.04 0.04 0.04 -0.03 0.03 0.04 0.03 0.02 0 0.03 0.04 0.03 0.03 0.05 0.04 0.05 0.06 0.05 0.02 0.04 0 -0.005 0.03 0.05 0.05 0.02
0.03 0 0.01 0.001 0.05 0.06 0.07 0.06 0.06 0.06 0.06 0.04 0.06 0.06 0.06 -0.04 0.04 0.05 0.03 0.04 0 0.04 0.04 0.04 0.03 0.07 0.05 0.04 0.05 0.05 0.04 0.04 0 0.008 0.06 0.09 0.1 0.1
0.006 0 -0.03 0 0.02 0.02 0.02 0.009 -0.02 -0.02 -0.04 -0.07 -0.05 0 -0.04 -0.1 -0.07 -0.06 -0.07 -0.05 0 -0.06 -0.06 -0.05 -0.1 -0.05 -0.06 -0.07 -0.06 -0.05 -0.04 -0.02 0 -0.03 0.02 0.04 0.1 0.05
-0.05 -0.03 -0.05 0 -0.01 0.02 0.03 0.02 0.04 0.01 0.03 0.03 0.05 0 0.04 0.02 0.07 0.03 0.01 0.04 0 0.06 0.06 0.06 0.01 0.07 0.05 0.03 0.02 0.03 -0.007 -0.009 0 0.002 0.04 0.05 0.1 0.04
0.04 0 0.03 0 0.06 0.06 0.06 0.03 0.07 0.03 0.003 -0.01 0.009 0 0.01 0.03 -0.03 -0.02 -0.008 -0.001 0 -0.02 -0.008 -0.006 -0.09 -0.04 -0.001 -0.01 -0.02 0.004 -0.02 -0.08 0 0 -0.06 -0.06 0.01 -0.03
0.02 0 0.02 0 0.03 0.03 0.03 0.01 0.06 0.02 0 -0.009 0.003 0 0.008 0.07 -0.008 -0.02 -0.03 -0.004 0 0.001 -0.003 -0.006 -0.1 -0.04 -0.005 -0.02 -0.05 -0.02 -0.06 -0.1 0 0 -0.05 -0.04 -0.002 -0.009
-0.02 -0.04 -0.04 0 -0.03 -0.01 -0.04 -0.02 -0.02 -0.02 0 -0.06 -0.05 0 -0.05 -0.03 -0.07 -0.08 -0.09 -0.06 0 -0.04 -0.05 -0.06 -0.2 -0.08 -0.06 -0.08 -0.1 -0.09 -0.06 -0.1 0 -0.07 -0.02 -0.008 -0.006 0.04
-0.04 -0.06 -0.08 0 -0.05 -0.03 0 -0.04 -0.06 -0.04 -0.02 -0.07 -0.06 0 -0.08 -0.1 -0.08 -0.07 -0.08 -0.07 0 -0.06 -0.06 -0.06 -0.1 -0.06 -0.06 -0.05 -0.07 -0.06 -0.001 -0.06 0 0.005 0.04 0.04 -0.03 0.04
-0.02 -0.001 -0.04 0 -0.005 -0.001 -0.06 -0.007 -0.03 -0.01 -0.05 -0.05 -0.03 0 -0.04 -0.1 -0.03 -0.05 -0.05 -0.03 0 -0.03 -0.03 -0.03 -0.04 -0.01 -0.03 -0.03 -0.04 -0.03 -0.004 -0.06 0 0 -0.02 -0.02 -0.1 -0.03
-0.03 0.006 -0.05 0 -0.001 -0.007 -0.05 -0.01 -0.02 -0.01 -0.04 -0.03 -0.01 -0.02 -0.004 -0.08 -0.05 -0.03 -0.05 -0.04 0 -0.05 -0.04 -0.04 -0.08 -0.05 -0.04 -0.05 -0.04 -0.03 0.05 0.03 0 0 0.1 0.1 0.05 0.1
-0.03 -0.002 -0.04 0 -0.006 -0.01 -0.03 -0.02 -0.01 -0.002 -0.03 -0.03 -0.006 -0.03 0.002 -0.06 -0.03 -0.01 -0.03 -0.02 0 -0.02 -0.006 -0.005 -0.04 -0.02 -0.006 -0.02 -0.02 -0.01 -0.008 0.02 0 0.01 0.06 0.08 -9e-04 0.09
0.03 0.04 0.007 0 0.04 0.03 0.04 0.01 0.05 0.06 0.03 0.02 0.05 0.04 0.07 -0.005 0.02 0.06 0.04 0.02 0 0.02 0.03 0.04 0.01 0.03 0.05 0.06 0.06 0.07 0.08 0.08 0 0.05 0.06 0.06 -0.005 0.05
0.001 0.003 -0.02 0 0.001 0.01 0.03 -0.005 0.02 0.02 0.02 0.02 0.04 0.04 0.05 -0.02 0.02 0.05 0.02 0.01 0 0.02 0.03 0.03 0.01 0.04 0.04 0.04 0.03 0.04 0.06 0.05 0 0.02 0.05 0.06 0.05 0.06
0.04 0.04 0.003 0 0.03 0.04 0.05 0.04 0.02 0.03 0.02 0.01 0.04 0.04 0.06 -0.03 0.04 0.05 0.05 0.05 0 0.06 0.06 0.07 0.05 0.09 0.07 0.07 0.07 0.06 0.07 0.05 0 0.03 0.07 0.07 0.1 0.05
-0.004 0.006 -0.01 0 0.04 0.06 0.06 0.04 0.05 0.05 0.06 0.07 0.1 0.1 0.1 0.04 0.09 0.1 0.1 0.08 0 0.07 0.1 0.1 0.09 0.1 0.1 0.1 0.2 0.1 0.1 0.1 0 0.07 0.1 0.1 0.2 0.07
0.005 0.009 -0.02 0 0.03 0.01 0.01 -0.005 0.003 -0.02 -0.04 -0.05 -0.02 -0.04 -0.03 -0.05 -0.06 -0.05 -0.07 -0.05 0 -0.08 -0.05 -0.05 -0.07 -0.05 -0.04 -0.08 -0.08 -0.07 -0.04 -0.001 0 0 -0.08 -0.1 0 -0.1
0.05 0.04 0.03 0 0.07 0.06 0.07 0.04 0.1 0.06 0.05 0.05 0.08 0.07 0 0.1 0.06 0.06 0.03 0.03 0 0.03 0.04 0.05 0.03 0.04 0.05 0.03 0.02 0.04 -0.04 -0.01 0 0 -0.04 -0.05 0 -0.06
0.03 -8e-05 0.02 0 0.02 0.007 0.006 -0.05 0 -8e-04 -0.03 -0.03 0.003 -0.004 0 0.05 -0.06 -0.008 -0.003 -0.04 0 -0.08 -0.04 -0.03 -0.08 -0.06 -0.009 -0.01 -0.01 0.007 -0.05 -0.1 0 -0.09 -0.08 -0.1 0 -0.06
-0.06 -0.09 -0.06 0 -0.08 -0.08 -0.1 -0.1 0 0 -0.1 -0.1 -0.08 -0.07 0 0.04 -0.05 -0.06 -0.04 -0.05 0 -0.06 -0.04 -0.03 -0.06 -0.03 -0.01 -0.02 -0.03 -0.03 -0.07 -0.1 0 -0.06 -0.05 -0.04 0 -0.006
0.01 -0.02 -0.07 0 -0.006 7e-04 -0.03 0.01 0.007 0.03 -0.01 0.009 0.02 0.008 0 0.1 0.04 0.02 0.04 0.04 0 0.06 0.05 0.06 0.2 0.09 0.08 0.08 0.07 0.06 0.07 0.06 0 0.07 0.1 0.1 0.08 0.1
-0.01 -0.01 -0.02 0 0.01 0.01 -0.02 0.02 0.03 0.04 0.04 0.07 0.09 0.09 0.09 0.06 0.09 0.1 0.09 0.06 0 0.07 0.07 0.1 0.1 0.1 0.1 0.1 0.1 0.1 0.1 0.1 0 0.06 0.1 0.1 0.004 0.1
-0.01 0.02 -0.002 0 0.03 0.02 -0.02 0.01 0.02 0.02 0.02 0.04 0.06 0.06 0.07 -0.03 0.05 0.07 0.08 0.06 0 0.06 0.07 0.09 0.2 0.1 0.1 0.1 0.1 0.1 0.04 0.03 0 0.007 0.05 0.05 -0.05 0.03
0.03 0.06 0.03 0 0.07 0.05 0.03 0.05 0.06 0.07 0.05 0.08 0.1 0.1 0.1 0.1 0.09 0.1 0.09 0.06 0 0.05 0.06 0.08 0.2 0.08 0.1 0.1 0.1 0.1 0.03 0.1 0 -0.03 0.005 0.007 -0.1 -0.03
0.03 0.05 0.03 0 0.02 0.02 0.03 0.03 0.04 0.04 0.02 0.02 0.05 0.02 0.03 0.02 0.02 0.03 -0.005 0.02 0 0.02 0.03 0.03 0 0.01 0.04 -0.004 -0.002 -0.008 -0.09 0.02 0 -0.2 -0.1 -0.1 -0.2 -0.2
0.03 0.03 0.01 0 0.008 0.01 0.04 0.03 0.03 0.03 0.02 0.02 0.04 -0.01 -0.001 0.03 0.02 0.01 -0.03 0.003 0 0.02 0.02 0.01 0 0.02 0.02 -0.005 -0.01 -0.03 -0.1 0.02 0 -0.2 -0.1 -0.1 -0.2 -0.2
0.02 0.005 -0.002 0 0.01 0.03 0.06 0.04 0.04 0.06 0.08 0.09 0.1 0.09 0.1 0.1 0.1 0.1 0.1 0 0 0.1 0.1 0 0 0 0.2 0 0.2 0.2 0.06 0.05 0 -0.003 0.05 0.06 0.09 0.009
0.05 0.04 0.02 0 0.04 0.05 0.06 0.05 0.03 0.04 0.03 0.01 0.03 0.02 0.05 0.02 0.04 0.04 0.06 0.04 0.05 0.03 0.04 0.05 0 0 0.07 0 0.09 0.07 0.06 0.08 0 0.02 0.07 0.07 0 0.04
0.005 0.006 5e-04 0 0.01 0.02 0.03 0.03 0.01 0.01 -7e-04 -0.001 0.02 -4e-04 0.01 0.08 0.03 0.003 -0.003 0.03 0.06 0.03 0.05 0.04 0 0 0.05 0 0.03 0.02 -0.008 0.05 0 -0.02 0.04 0.04 0.1 0.007
0.04 0.03 0.05 0 0.06 0.05 0 0.04 0.08 0.04 0.03 0.03 0.06 0.03 0.05 0.1 0.03 0.03 0.03 0.04 0.05 0.004 0.04 0.06 0 0 0.07 0 0.06 0.06 0.03 0.04 0 -0.03 -0.02 -0.02 0.08 -0.02
0.02 -0.02 0.003 0 -0.006 -0.02 0.01 -0.009 0 0 -0.05 -0.06 -0.04 -0.04 -0.02 0.1 -0.05 -0.05 -0.03 -0.02 -0.01 -0.06 -0.05 -0.01 0 0 0.008 0 -0.007 -0.002 -0.04 -0.06 0 -0.04 -0.02 -0.01 0.06 -0.007
-0.02 -0.07 -0.03 0 -0.01 -0.05 -0.04 -0.03 0 0 -0.07 0 -0.05 -0.04 -0.02 0.04 -0.06 -0.04 -0.03 -0.05 -0.03 -0.07 -0.06 -0.02 0 0 0.004 0 0.01 0.01 -0.04 -0.1 0 -0.02 0.007 0.02 0.06 0.05
0.01 -0.02 0.02 0 0 0.03 0.01 0.01 0 0.04 0.04 0 0.07 0.06 0.08 0.1 0.05 0.07 0.04 0.05 0.08 0.04 0.06 0.06 0 0 0.08 0 0.08 0.07 8e-04 -0.1 0 -0.03 -0.008 0.009 -0.02 0.03
-0.03 -0.05 -0.02 0 0 -0.01 -0.05 -0.02 -0.02 -0.002 -0.009 0 0.007 0.005 0.01 -0.03 -0.03 -0.004 -0.02 -0.01 0.003 -0.02 -0.01 -0.002 0 0 0.01 0 0.01 0.01 -0.02 -0.1 0 -0.06 -0.04 -0.05 -0.1 -0.02
-0.07 -0.06 -0.08 0 -0.08 -0.07 -0.1 -0.05 0 -0.07 -0.08 0 -0.07 -0.1 -0.09 -0.1 -0.08 -0.1 -0.1 -0.07 -0.04 -0.03 -0.04 -0.07 0 0 -0.06 0 -0.1 -0.1 -0.1 -0.1 0 -0.1 -0.09 -0.08 -0.2 -0.09
0.007 0.04 0.003 0 0.03 0.03 0.003 0.02 0 0.03 0.03 0 0.06 0.05 0.06 -0.01 0.04 0.05 0.02 0.04 0.05 0.04 0.07 0.06 0 0 0.07 0 0.05 0.05 -0.03 -0.01 0 -0.05 -0.05 -0.06 -0.2 -0.09
0.02 0.04 0.02 0 0 0.03 0.03 0.01 0 0.03 0.02 0.01 0.04 0.03 0.05 0.004 0.02 0.03 0.02 0.03 0.03 0.02 0.05 0.04 0 0 0.05 0 0.06 0.05 0.02 0.04 0 -0.01 -0.006 -0.02 -0.1 -0.04
0.007 0.02 8e-04 0 0 -3e-04 0.03 -0.001 0.03 0.02 0.02 0.03 0.05 0.05 0.07 0.09 0 0.06 0.05 0.05 0.06 0.07 0.08 0.07 0 0 0.08 0 0.09 0.07 -0.02 0.004 0 -0.03 0.002 -0.002 -0.04 -0.03
-0.005 -0.01 0.005 0 -0.03 -0.01 0.01 -0.004 -0.01 0.001 2e-04 0.008 0.02 0.007 0.02 0.05 0.05 0.02 0.01 0.04 0.06 0.07 0.08 0.07 0 0 0.07 0 0.07 0.04 -0.04 0.03 0 -0.07 -0.03 -0.04 -0.03 -0.05
0.03 0.03 0.06 0 0.06 0.06 0.08 0.06 0.05 0.07 0.07 0.08 0.1 0.1 0.1 0.2 0.1 0.1 0.1 0.1 0.1 0.1 0.1 0.1 0 0 0.2 0 0.2 0.2 0.07 0.08 0 0.02 0.07 0.08 0.2 0.09
0.08 0.08 0.1 0 0.1 0.1 0.1 0.1 0.1 0.1 0.1 0.1 0.1 0.1 0.1 0.1 0.1 0.1 0.1 0.1 0.1 0.1 0.2 0.2 0 0 0.2 0 0.2 0.1 0.08 0.04 0 -0.01 0.03 0.04 0.1 0.01
0.02 0.03 0.07 0 0.06 0.09 0.1 0.09 0.1 0.09 0.09 0.1 0.1 0.1 0.1 0.2 0.1 0.1 0.09 0.1 0.1 0.1 0.1 0.1 0.2 0 0.2 0 0.1 0.1 -0.002 -0.02 0 -0.08 -0.05 -0.05 0.03 -0.06
-0.01 -0.03 0.04 0 0 0.04 0.05 0.03 0 0.05 0.04 0.05 0.08 0.07 0.06 0.2 0.06 0.06 0.04 0.04 0.08 0.03 0.06 0.07 0.04 0 0.08 0 0.06 0.07 -0.003 -0.06 0 -0.05 -0.05 -0.03 0.03 -0.02
0.04 0.01 0.1 0 0 0.1 0.1 0.1 0 0 0.1 0.2 0.2 0.2 0.2 0.3 0.2 0.2 0.2 0.1 0.2 0.1 0.2 0.2 0.2 0 0.2 0 0.3 0.3 0.2 0.08 0 0.2 0.2 0.2 0.3 0.3
0 0.03 0.1 0 0 0.07 0.04 0.05 0.09 0.07 0.03 0.02 0.05 0.04 0.05 0.1 -0.008 0.04 0.05 0.06 0.06 0.02 0.03 0.07 -0.01 0 0.09 0 0.07 0.07 0.06 -0.08 0 -0.01 -0.004 0.01 -0.01 0.03
0 0.09 0.1 0 0.1 0.1 0.1 0.1 0.1 0.1 0.1 0.1 0.2 0.1 0.1 0.3 0.2 0.2 0.1 0.1 0.2 0.2 0.1 0.2 0.2 0 0.2 0 0.1 0.1 0.07 -0.01 0 0.002 0.007 0.01 -0.06 -0.005
0.05 0.06 0.09 0 0.09 0.09 0.05 0.1 0.08 0.1 0.08 0.1 0.1 0.1 0.1 0.1 0.1 0.1 0.1 0.09 0.1 0.1 0.1 0.1 0.09 0 0.1 0 0.2 0.2 0.08 -0.01 0 0.03 0.07 0.08 -0.007 0.08
0.07 0.1 0.1 0 0.2 0.1 0.09 0.1 0.1 0.1 0.1 0.1 0.2 0.2 0.2 0.07 0.1 0.2 0.2 0.1 0.1 0.1 0.2 0.2 0.1 0 0.2 0 0.2 0.2 0.1 0.06 0 0.07 0.1 0.1 -0.01 0.08
0.06 0.08 0.08 0 0.09 0.09 0.08 0.09 0.1 0.09 0.08 0.09 0.1 0.08 0.1 0.04 0.08 0.1 0.1 0.1 0.1 0.1 0.1 0.1 0.09 0 0 0 0.1 0.1 0.06 0.05 0 0.04 0.09 0.1 0.009 0.1
0.04 0.05 0.05 0 0.06 0.06 0.07 0.05 0.09 0.07 0.07 0.08 0.1 0.09 0.1 0.06 0.07 0.1 0.08 0.08 0.05 0.06 0.1 0.09 0.08 0 0.1 0 0.1 0.1 0.03 0.03 0 -0.02 0.009 0.03 -0.04 0.03
0.05 0.04 0.05 0 0.04 0.06 0.08 0.06 0 0.07 0.06 0.07 0.09 0.07 0.08 0.04 0.06 0.07 0.05 0.07 0.06 0.08 0.1 0.08 0.07 0 0.09 0 0.08 0.07 0.06 0.07 0 0.04 0.07 0.1 0.06 0.05
0.02 0.02 0.001 0 0.02 0.03 0.05 0.03 0 0.03 0.02 0.02 0.04 0.02 0.05 -0.03 0.04 0.03 0.06 0.06 0.05 0.07 0.09 0.07 0.06 0 0.08 0 0.1 0.08 0.1 0.08 0 0.1 0.2 0.2 0.3 0.2
0.07 0.07 0.08 0 0.1 0.1 0.1 0.1 0 0.1 0.1 0.1 0.2 0.1 0.2 0.1 0.1 0.2 0.1 0.1 0.08 0.06 0.09 0.1 0.07 0 0.1 0 0.2 0.1 0.1 0.1 0 0.05 0.1 0.1 0.2 0.09
0.04 0.04 0.03 0 0.03 0.06 0.07 0.08 0.06 0.05 0.03 0.01 0.04 0.005 0.02 2e-04 0.01 -0.004 -0.02 0.02 0.04 0.01 0.01 0.02 -0.02 0 0.02 0 -0.005 -0.009 -0.07 -0.07 0 -0.1 -0.07 -0.07 0.004 -0.09
0.03 0.007 0.02 0 0.03 0.03 0.04 0.03 0.07 0.02 0.003 -0.01 0.02 0.001 0.02 0.08 0.007 -0.01 -0.006 0.03 0.04 -3e-04 0.002 0.04 0.01 0 0.04 0 0.02 0.02 -0.05 -0.04 0 -0.09 -0.07 -0.07 0.01 -0.06
0.04 0.003 0.05 0 0.04 0.06 0.07 0.06 0 0.09 0.08 0.08 0.1 0.08 0.09 0.3 0.09 0.07 0.04 0.08 0.1 0.07 0.07 0.08 0.06 0 0.09 0 0.05 0.06 0.02 -0.01 0 -0.02 -1e-04 -0.003 0.04 5e-04
0.08 0.03 0.08 0 0.07 0.07 0.07 0.07 0 0.08 0.06 0.04 0.07 0.05 0.07 0.2 0.05 0.05 0.03 0.05 0.09 0.04 0.05 0.06 0.002 0 0.07 0 0.04 0.04 0.006 -0.1 0 -0.03 -0.01 -0.01 -0.001 0.002
0.07 0.02 0.04 0 0 0.06 0.01 0.03 0 0.03 0.006 -0.02 0.01 0.02 0.04 -0.04 -0.05 0.01 0.004 -7e-05 -0.01 -0.04 -0.02 0.005 -0.1 0 0.02 0 0.02 0.02 0.02 -0.1 0 -0.02 0.004 0.02 -0.02 0.02
0.02 0.008 0.008 0 0.04 0.05 -0.002 0.04 0 0.04 0.03 0.03 0.05 0.04 0.06 -0.02 0.03 0.03 0.02 0.04 0.05 0.04 0.05 0.05 -0.01 0 0.06 0 0.04 0.04 -0.04 -0.1 0 -0.09 -0.06 -0.04 -0.1 -0.05
0.05 0.07 0.07 0 0.1 0.1 0.05 0.08 0 0.1 0.09 0.1 0.1 0.1 0.2 0.04 0.1 0.1 0.1 0.1 0.1 0.09 0.1 0.1 0.08 0 0.2 0 0.2 0.2 0.1 0.07 0 0 0.09 0.1 -0.003 0.09
0.05 0.1 0.05 0 0.07 0.06 0.04 0.06 0 0.07 0.05 0.04 0.07 0.05 0.07 -0.05 -0.001 0.04 0.03 0.04 0.01 0.004 0.03 0.04 -0.02 0 0.06 0 0.06 0.06 -0.009 0.02 0 -0.02 0.03 0.03 -0.08 0.004
0.02 0.04 0.01 0 0.01 0.02 0.04 0.05 0.05 0.05 0.02 0.03 0.05 0.01 0.03 0.1 0.05 0.03 -0.008 0.03 0.06 0.04 0.06 0.04 0.05 0 0.05 0 0.01 0.009 -0.04 0.01 0 -0.06 -0.02 -0.01 -0.08 -0.02
0.08 0.08 0.05 0 0.05 0.06 0.08 0.06 0.08 0.06 0.05 0.06 0.06 0.03 0.04 0.02 0.02 0.05 0.02 0.03 0.03 0.03 0.05 0.04 0.01 0 0.05 0 0.04 0.04 -0.02 -0.009 -0.005 -0.07 -0.04 -0.06 -0.1 -0.1
0.07 0.06 0.05 0 0.08 0.09 0.1 0.08 0.1 0.1 0.1 0.2 0.2 0.2 0.2 0.2 0.2 0.2 0.2 0.2 0.1 0.2 0.2 0.2 0.2 0 0.2 0 0.2 0.2 0.1 0.2 0.2 0.06 0.1 0.1 0.08 4e-04
0.08 0.08 0.06 0 0.08 0.1 0.1 0.1 0.1 0.09 0.09 0.1 0.1 0.1 0.1 0.07 0.1 0.1 0.1 0.1 0.1 0.1 0.1 0.1 0.1 0 0.1 0 0.1 0.1 0.05 0.04 0.1 -0.009 0.02 -0.004 0.02 -0.09
0.08 0.08 0.07 0 0.08 0.1 0.1 0.1 0.1 0.09 0.07 0.06 0.1 0.07 0.09 0.1 0.07 0.06 0.04 0.05 0.07 0.03 0.05 0.06 0.05 0 0.07 0 0.08 0.06 0.01 0.02 0.05 -0.06 -0.06 -0.09 -0.02 -0.1
-0.009 -0.007 0.006 0 0.01 0.02 0.04 0.03 0.07 0.03 0.02 0.02 0.06 0.04 0.06 0.1 0.05 0.05 0.04 0.03 0.05 0.02 -4e-04 0.06 0.03 0 0.08 0 0.1 0.08 0.02 0.08 0.007 -0.03 -0.002 -0.004 0.06 -0.06
-0.001 -0.02 -0.002 0 -0.008 0.01 0.02 0.01 0 0.02 0.006 0.003 0.03 0.02 0.02 0.2 0.05 -0.001 -0.01 0.04 0.08 0.06 0.02 0.06 0.04 0 0.06 0 0.02 0.01 0.02 0.07 -0.02 0.01 0.04 0.05 0.08 0.007
0.01 -0.05 -0.02 0 -0.008 -0.04 -0.06 -0.07 0 -0.07 -0.1 -0.1 -0.1 -0.08 0 -0.05 -0.2 -0.1 -0.06 -0.07 -0.1 -0.1 -0.2 -0.06 -0.1 0 -0.06 0 -0.04 -0.04 0.01 -0.04 -0.07 0 0.006 0.003 0.01 0.01
0.03 -0.009 0.008 0 0.02 0.01 -0.02 -0.03 0.04 -0.009 -0.04 -0.07 -0.02 -0.01 0 0.002 -0.07 -0.04 -0.06 -0.05 -0.04 -0.07 -0.1 -0.03 -0.06 0 -0.03 0 -0.03 -0.03 -5e-04 -0.07 -0.06 0 0.003 0.006 -0.03 0.006
-0.01 -0.04 -0.04 0 -0.03 -0.01 -0.06 -0.02 -0.006 0.04 -0.04 -0.04 -0.02 -0.03 -0.03 0.005 -0.07 -0.06 -0.07 -0.05 -0.03 -0.07 -0.1 -0.03 -0.05 0 -0.02 0 -0.03 -0.05 -0.08 -0.1 -0.1 -0.09 -0.06 -0.06 -0.1 -0.05
0.02 0.03 0.02 0 0.03 0.02 -0.02 0.03 0.03 0.09 0.007 0.02 0.05 0.04 0.06 0.05 0.04 0.05 0.04 0.03 0.04 0.03 0.01 0.07 0.04 0 0.08 0 0.1 0.08 0.05 0.02 0.07 0.07 0.1 0.1 0.05 0.1
0.02 0.05 0.04 0 0.08 0.06 0.02 0.04 0.07 0.1 0.04 0.04 0.07 0.06 0.08 -0.02 0.03 0.07 0.04 0.05 0.04 0.04 0.04 0.08 0.008 0 0.09 0 0.08 0.07 0.08 0.05 0.07 0.08 0.1 0.1 0.02 0.1
0.05 0.07 0.03 0 0.06 0.05 0.04 0.04 0.07 0.07 0.008 0.008 0.05 0.04 0.06 -0.01 0.01 0.04 0.02 0.04 0.02 0.02 0.04 0.06 -0.002 0 0.07 0 0.05 0.05 0.07 0.07 0.06 0.07 0.1 0.1 0.04 0.1
0.03 0.04 0 0 0.04 0.04 0.06 0.04 0.08 0.06 0.03 0.05 0.08 0.08 0.09 0.04 0.04 0.08 0.05 0.07 0.04 0.06 0.08 0.09 0.03 0 0.1 0 0.08 0.07 0.03 0.02 0.03 0.009 0.03 0.04 -0.03 0.007
0.02 0.02 -0.03 0 0.02 0.02 0.04 0.02 0.04 0.03 3e-04 0.04 0.05 0.07 0.07 0.02 0.04 0.06 0.04 0.07 0.04 0.06 0.07 0.09 0.04 0 0.09 0 0.08 0.06 0.03 0.003 0.07 0.007 0.05 0.06 0.04 0.006
0.02 0.02 -0.03 0 0.04 0.04 0.05 0.03 0.03 0.03 -6e-04 0.02 0.04 0.05 0.05 -0.03 0.03 0.05 0.04 0.06 0.04 0.06 0.05 0.09 0.03 0 0.09 0 0.09 0.07 0.08 0.03 0.2 0.07 0.1 0.2 0.2 0.1
0.05 0.06 0.002 0 0.08 0.08 0.08 0.08 0.07 0.06 0.03 0.06 0.08 0.09 0.09 0.03 0.07 0.08 0.06 0.08 0.06 0.06 0.07 0.1 0.04 0 0.1 0 0.1 0.08 0.09 0.04 0.1 0.04 0.08 0.1 0.2 0.07
-0.02 -0.02 -0.07 0 0.009 0 0.005 -0.008 0.01 -0.02 -0.07 -0.02 0.002 2e-04 0.003 -0.02 -0.03 -0.02 -0.04 -0.002 -0.01 -0.04 -0.04 0.002 -0.08 -0.02 -0.004 0 -0.02 -0.02 -0.08 -0.1 -0.08 -0.1 -0.09 -0.07 0.003 -0.1
-0.04 -0.03 -0.04 0 0.01 0 0.03 0.009 0.07 0.03 -0.003 0.06 0.08 0.08 0.07 0.2 0.07 0.06 0.03 0.07 0.08 0.06 0.04 0.09 0.04 0.05 0.08 0 0.05 0.05 -0.03 -0.1 -0.1 -0.05 -0.02 -0.003 0.07 -0.006
-0.006 -0.002 -0.007 0 0.04 0 0.05 0.05 0.1 0.07 0.02 0.09 0.1 0.09 0.09 0.2 0.08 0.06 0.04 0.09 0.1 0.09 0.07 0.1 0.06 0.06 0.1 0 0.05 0.06 -0.03 -0.1 -0.1 -0.06 -0.03 -0.007 0.04 0.007
0.006 -0.01 -0.02 0 0.008 0 0.003 0.04 0.05 0.04 -0.03 0.02 0.02 0.02 0.02 0.2 0.01 -0.007 -0.02 0.03 0.07 0.03 0.009 0.05 -0.02 0 0.04 0 -0.02 -0.01 -0.05 -0.1 0 -0.08 -0.06 -0.06 -0.07 -0.05
-3e-04 -0.01 -0.05 0 0.02 0 -0.03 0.01 0.01 0.02 -0.05 0.02 0.01 0.02 0.02 0.1 0.008 0.004 -0.01 0.04 0.07 0.04 0.03 0.06 0.01 0 0.05 0 0.005 -0.005 -0.06 -0.1 0 -0.1 -0.09 -0.08 -0.1 -0.07
-0.002 0.01 -0.02 0 0.06 0.06 0.01 0.07 0.07 0.08 0.05 0.1 0.1 0.2 0.2 0.08 0.1 0.2 0.1 0.1 0.1 0.1 0.1 0.2 0.2 0 0.2 0 0.2 0.2 0.09 0.04 0 0.05 0.08 0.08 -0.004 0.09
0.09 0.1 0.07 0 0.1 0.1 0.08 0.1 0.1 0.1 0.08 0.1 0.1 0.2 0.2 0.04 0.09 0.1 0.1 0.1 0.1 0.09 0.1 0.1 0.2 0 0.1 0 0.2 0.1 0.08 0.06 0 0.03 0.06 0.05 -0.09 0.03
0 0.06 0.02 0 0.08 0.07 0.04 0.06 0.08 0.07 0.03 0.08 0.09 0.05 0.07 -0.002 0.03 0.06 0.05 0.06 0.05 0.05 0.05 0.07 0.03 0 0.08 0 0.08 0.07 -0.03 -0.03 0 -0.07 -0.05 -0.05 -0.2 -0.07
0.02 0.05 -0.003 0 0.04 0.04 0.04 0.05 0.06 0.05 0.02 0.06 0.06 -0.002 0.03 0.02 0.01 0.02 -0.007 0.04 0.04 0.04 0.05 0.04 0.01 0 0.05 0 0.008 0.01 0.03 0.04 0 -0.001 0.02 0.02 -0.08 -0.007
0.05 0.05 0.05 0 0.06 0.05 0.06 0.04 0.07 0.06 0.03 0.07 0 0.05 0.07 0.01 0.02 0.05 0.03 0.05 0.02 0.03 0.04 0.05 0.02 0 0.07 0 0.06 0.06 0.08 0.09 0 0.07 0.1 0.1 0.09 0.1
0.02 0.01 0.02 0 0.04 0.05 0.06 0.04 0.05 0.06 0.03 0.08 0 0.08 0.1 0.03 0.08 0.1 0.1 0.09 0.06 0.08 0.09 0.1 0.09 0 0.1 0 0.2 0.1 0.1 0.2 0 0.1 0.2 0.2 0.2 0.2
0.07 0.07 0.07 0 0.1 0.1 0.1 0.1 0.1 0.1 0.07 0.08 0.1 0.1 0.1 0.009 0.07 0.1 0.1 0.08 0.06 0.05 0.06 0.1 0.06 0 0.1 0 0.1 0.1 0.09 0.08 0 0.06 0.1 0.1 0.2 0.1
0.05 0.05 0.04 0 0.07 0.07 0.08 0.06 0.07 0.05 -0.007 0.02 0.06 0.03 0.05 -0.02 -0.01 0.03 0.008 -0.01 -0.02 -0.05 -0.05 -0.009 -0.08 0 0.007 0 0.02 0.03 0.05 0.02 0 -0.02 0.03 0.02 0.09 0.02
-0.01 -0.04 -0.02 0 -0.01 0 0.01 0.01 0.04 0.01 -0.04 -0.01 0.02 -0.03 -0.009 0.09 -0.003 -0.04 -0.05 0.001 0.02 -1e-05 -0.01 0.006 -0.01 0 0.01 0 -0.04 -0.04 -0.07 -0.05 0 -0.1 -0.09 -0.1 -0.06 -0.1
