0.014735 0.014214 0.031943 0.0019154 0.0071236 0.017533 0.006667 0.020116 0.0029213
0.0021722 0.0035378 0.0047743 0.00083241 0.015239 0.016262 0.012459 0.011054 0.014256
0.00045601 0.0012488 0.00025882 0.0016644 0.084998 0.0021513 0.021335 0.002617 0.007797
0.00032015 0.00048813 0.0091439 0.011315 0.25262 0.0027626 0.001528 0.002261 0.022375
1.59e-05 8.3603e-05 1.1811e-05 2.1851e-05 2.2396e-05 0.0015714 1.7505e-05 0.075152 0.00017151
0.24884 0.024599 0.020272 0.038219 0.13066 0.020278 0.18341 0.016704 0.030599
1.9135e-06 0.0027273 9.0393e-05 0.0005638 3.6087e-05 0.049243 0.012852 0.0028982 0.047294
0.00061178 0.003076 0.0033836 0.00058255 0.020267 0.007569 0.49445 0.0064251 0.0094053
2.7559e-05 5.1914e-05 0.045676 0.0072967 0.031958 0.017109 0.0020872 0.0067271 0.031511
1.8938e-05 5.9847e-05 7.4968e-05 0.00019502 0.0048626 0.00045766 7.0845e-05 0.00067348 0.0011564
2.1415e-05 3.9618e-05 8.4476e-05 8.2805e-05 0.00017037 0.00031396 7.0691e-05 0.00046585 0.00070829
3.5014e-06 8.6252e-06 1.2116e-05 0.00026451 4.5676e-05 8.7548e-05 7.8431e-05 0.00062731 0.00021614
5.4206e-05 2.4498e-05 8.3799e-05 0.0030966 3.0216e-05 0.001479 0.00032521 0.0010333 0.0012796
0.0011757 0.00029007 0.0063921 0.12481 0.025945 0.01429 0.0035566 0.0087979 0.011891
6.2431e-06 8.9254e-06 6.5696e-05 0.00070976 0.00012866 0.00019706 4.7693e-05 9.7917e-05 0.00024995
4.5262e-06 1.105e-05 9.1227e-06 8.7235e-05 1.5037e-05 3.9307e-05 1.5165e-05 0.0001332 0.00019485
1.4939e-06 4.1019e-06 7.6775e-06 8.1768e-05 4.4581e-05 0.00010407 0.0048362 0.15579 0.0041349
0.00053549 5.359e-05 4.1825e-05 0.00019598 0.00078462 0.13313 0.0027437 0.010767 0.019313
3.3605e-06 1.0985e-05 1.5981e-05 3.3552e-05 3.5227e-05 5.1407e-05 1.4558e-05 0.00011013 0.00016624
4.0205e-05 3.3584e-05 0.00019848 2.7736e-05 2.0524e-05 0.00077632 6.7576e-06 0.0024107 0.00094486
0.00010897 7.2668e-05 2.5523e-05 0.0003245 4.7627e-06 2.9257e-06 6.6441e-07 1.1144e-05 4.5435e-06
0.00014978 0.00040085 0.00073817 3.6328e-06 0.00030124 0.00022688 8.0547e-06 0.00062156 3.0427e-06
1.0229e-05 1.3469e-05 1.0441e-05 3.9793e-05 0.00014321 8.6352e-05 0.00010633 9.0079e-05 0.00041395
6.1888e-07 6.1166e-07 2.8019e-06 0.00015299 0.0002096 1.4103e-05 0.0090938 4.0384e-05 1.9573e-05
1.1178e-05 1.3801e-05 1.6911e-05 2.3169e-05 6.7026e-05 5.8577e-05 1.8726e-05 7.1672e-05 5.1295e-05
1.0065e-05 1.3232e-05 5.3118e-05 0.00015747 0.0001188 0.0001097 0.00020231 0.00014784 0.00017405
5.5711e-06 2.0478e-05 3.0962e-05 5.3911e-05 4.6371e-05 0.00015253 2.408e-05 0.00024906 0.00013774
1.7874e-05 3.7692e-05 4.3367e-05 9.935e-05 5.9879e-05 0.00014838 2.1517e-05 0.00021381 0.00014913
1.1837e-05 4.6646e-05 5.4863e-05 0.00011035 8.5147e-05 0.00017906 8.9064e-05 0.00089401 0.00070485
1.4276e-05 8.2278e-06 6.8379e-06 1.512e-05 0.00024012 0.00082087 2.5956e-05 5.5206e-05 0.0070831
2.3039e-05 4.2627e-05 4.3994e-05 7.7359e-05 8.734e-05 0.00029105 2.7039e-05 0.00022972 0.00019733
6.9333e-05 6.7667e-05 0.00014465 0.00034511 8.5017e-05 0.00052605 0.00011808 0.0015048 0.0040386
3.8942e-05 0.00013564 8.9933e-05 0.00054487 0.00013622 0.00032095 0.0011499 0.00052746 0.0019282
0.00045385 0.0005121 0.00040488 0.012626 0.00024487 0.00034761 0.039714 0.0007984 0.00084473
0.00034976 0.00045072 0.00068161 0.0013562 0.0017103 0.0026226 0.00031065 0.0018095 0.0022481
4.4629e-06 1.2972e-05 1.6759e-05 4.8745e-05 4.3863e-05 0.00010738 2.3618e-05 0.00011532 0.00019035
1.4743e-06 6.4794e-05 9.4429e-05 3.5234e-05 4.5284e-05 0.00028635 1.2995e-05 5.0692e-05 0.00027845
1.0309e-05 6.3315e-06 9.664e-06 2.4624e-05 3.2508e-05 2.8288e-05 5.7894e-05 0.00021972 0.0023436
0.0002187 8.907e-05 5.8895e-05 0.00015067 0.00059227 0.00033336 0.002596 0.0037156 0.13263
1.1042e-05 1.4803e-05 2.0125e-05 4.8337e-05 5.0152e-05 8.3821e-05 2.0632e-05 0.00012791 0.00013122
0.14193 0.16746 0.67509 0.45159 0.13241 0.60944 0.12718 0.59104 0.30235
0.0036575 0.04045 0.16808 0.21865 0.0019646 0.088083 0.020064 0.025567 0.25492
0.56079 0.057065 0.030292 0.11595 0.2689 0.0055406 0.042332 0.046068 0.070359
0.023055 0.68243 0.0014478 0.0055768 0.017405 0.0047791 0.010237 0.00097364 0.012211
