0.1051371 0.2190645 3.35 0.89 0.000604 0.000672 0.000468 0.000273 0.000376 9.01e-05 0.00145 0.000691 0.000658 0.000311 0.000392 0.000526 0.000222 0.00048 0.000286 0.000171 0.000201 0.000158 0.000186 0.000145 0.000219 0.000389 0.000187 0.000355 0.000156 0.00044 0.000397 0.000285 0.000513 9.55e-05 0.000403 9.12e-05 0.000113 0.000345 0.000167 0.000359 0.000247 0.08758
0.02212826 0.05952706 1.63 0.81 0.000224 0.000145 0.000223 8.39e-05 0.000274 0.000121 0.00108 0.000395 0.000184 0.000111 0.00027 0.000175 5.28e-05 0.000179 0.000266 0.000188 0.000226 0.000174 9.15e-05 9.83e-05 0.000284 0.000179 7.57e-05 0.000158 0.000133 0.000235 0.000133 8.54e-05 0.000276 3.45e-05 0.000224 0.000133 4.43e-05 0.000408 0.000125 0.000132 0.000337 0.01631
0.04073297 0.04522014 2.94 0.57 0.000674 0.000807 0.000238 0.000239 0.000413 0.000137 0.00346 0.000995 0.000565 0.00036 0.000578 0.000459 0.000106 0.000151 6.51e-05 4.83e-05 3.79e-05 6.46e-05 0.000139 6.05e-05 2.54e-05 8.76e-05 7.82e-05 7.79e-05 8.59e-05 0.000177 7.61e-05 0.000151 0.00028 5.29e-05 0.000145 9.82e-05 7.72e-05 0.000216 0.000117 4.83e-05 0.000137 0.03195
0.04993325 0.1838889 5.44 0.76 0.001 0.000982 0.000201 0.000289 0.000453 0.000141 0.00358 0.00099 0.00104 0.000795 0.00222 0.00107 0.000157 0.000473 0.000449 0.000119 6.62e-05 0.000206 0.00015 7.42e-05 0.000104 0.000125 0.000121 0.000153 8.51e-05 0.000108 0.000112 0.000178 0.000167 6.47e-05 0.000202 9.26e-05 6.68e-05 7.3e-05 3.37e-05 0.000141 0.00012 0.03647
0.04072684 0.1948623 4.19 0.88 0.000753 0.000902 0.000241 0.000185 0.000344 7.65e-05 0.00305 0.000724 0.000624 0.000233 0.00124 0.000735 8.15e-05 0.00136 0.000513 0.00011 5.89e-05 9.06e-05 5.99e-05 7.68e-05 8.92e-05 0.000124 0.000157 0.000129 0.000239 0.000166 0.000152 0.00021 0.000155 5.94e-05 7.62e-05 8.74e-05 4.02e-05 6.04e-05 3.94e-05 6.35e-05 0.000136 0.07832
0 0.0510816 11.87 0.51 0.00131 0.00761 0.000331 6.33e-05 0.000242 5.21e-05 0.000219 0.000149 0.000251 0.000776 0.00126 0.000708 0.000296 0.000348 0.000272 0.000371 0.000512 0.000181 0.000164 0.000222 0.00019 1.08e-05 1.12e-05 1.07e-05 1.25e-05 1.26e-05 2.26e-05 9.16e-06 0.00319 1.06e-05 0.0016 0.000204 1.46e-05 1.56e-05 1.13e-05 0.000311 0.00044 0.0212
0.03108341 0.06441263 3.38 0.46 0.00117 0.00119 0.000161 0.000321 0.000377 5.97e-05 0.00505 0.00108 0.000454 0.000181 0.000835 0.000381 0.000165 0.000406 0.000445 9.84e-06 6e-06 1.34e-05 5.97e-06 1.19e-05 7.51e-06 0.000142 8.1e-05 1.07e-05 1.25e-05 1.26e-05 0.000102 8.21e-05 0.000275 1.06e-05 0.000103 9.31e-05 1.46e-05 1.56e-05 1.13e-05 3.98e-05 2.42e-05 0.02525
0.04136676 0.1062363 2.94 1.31 0.000647 0.000649 0.000106 0.000255 0.000231 0.000121 0.00107 0.000194 0.00015 6.64e-05 0.000194 0.000256 9.86e-05 0.000277 0.000102 0.000226 0.000193 0.000136 9.67e-05 0.000338 0.000252 0.000127 0.000175 0.000193 9.08e-05 0.000176 0.00018 0.000189 0.000592 0.000114 0.000324 0.000187 0.000111 0.000164 0.000125 0.000362 0.000296 0.06055
0.04379142 0.1483213 5.22 0.97 0.000776 0.00144 0.000221 0.00023 0.00042 0.000136 0.00256 0.000611 0.000373 0.000283 0.000562 0.000493 0.000155 0.000376 0.000237 0.000223 0.000163 0.000135 0.000177 0.000199 0.000103 0.000161 0.000107 0.000151 0.000106 0.000133 0.000162 0.000143 0.000579 0.000131 0.000293 0.000199 0.000155 0.000134 4.69e-05 0.000151 0.000255 0.15557
0.07591221 0.1120565 5.78 0.88 0.00217 0.01264 0.000338 0.000437 0.000797 3e-04 0.000722 0.00074 0.00037 0.000468 0.000698 0.000657 2e-04 0.00137 0.00128 0.000263 0.000228 0.000179 0.000172 0.000149 9.44e-05 0.000228 0.000307 0.000434 0.000157 8.68e-05 0.00019 0.000268 0.000896 0.000167 0.000358 0.00025 0.000123 0.000164 1.69e-05 0.000387 0.00027 0.15625
0.01661024 0.05932128 3.88 1.16 0.000865 0.0012 0.000205 0.000319 0.000388 0.000193 0.000805 0.000364 0.000291 0.000519 0.000609 0.000269 0.000163 0.000686 0.000456 0.000243 0.000319 0.000211 0.000176 6.25e-05 6.08e-05 0.00011 0.000103 0.000273 0.000146 0.000166 0.000149 0.000208 0.00086 0.000133 0.000424 0.000294 7.44e-05 0.000243 3.93e-05 0.000596 0.000476 0.16262
0.03447006 0.1045199 5.64 0.99 0.00114 0.00346 0.000224 0.000287 0.000496 0.000154 0.00129 0.000591 0.000533 0.000237 0.000767 0.00063 0.000113 0.001 0.000973 0.000584 0.000642 0.000137 0.000155 0.000115 9.17e-05 0.000203 0.000166 0.000151 0.000105 0.000148 0.00026 0.000244 0.00219 0.000318 0.000771 7e-04 0.000205 0.000352 0.000103 0.0013 0.00125 0.18419
0.03097195 0.1341014 5.52 1.76 0.00107 0.00285 0.000117 0.00029 0.000378 0.000266 0.00116 0.000389 0.000278 0.000242 0.00199 0.000393 0.000216 0.00173 0.00175 0.001 0.000733 3e-04 0.000211 0.000222 0.000123 0.000407 0.00034 0.000342 0.000145 0.000254 0.000399 0.000416 0.00206 0.000448 0.00104 0.000573 0.000282 0.0012 0.00017 0.00142 0.00164 0.18051
0.04978785 0.07306538 2.51 1.13 0.000569 0.000335 8.79e-05 0.000159 0.000267 0.000176 0.000275 0.000122 0.000122 0.000145 0.000209 0.000185 6.63e-05 0.000695 0.000263 0.000128 0.000169 0.000181 0.000157 4.31e-05 9.29e-05 0.000148 7.14e-05 0.000131 6.89e-05 0.000129 0.000142 8.61e-05 0.00188 0.000344 0.000727 5e-04 0.000213 0.000295 6.03e-05 0.000687 0.000617 0.03824
0.07047572 0.1616248 4.89 0.98 0.000985 0.000416 0.000185 0.000207 0.000568 0.000204 0.00191 0.000857 0.000358 0.000266 0.000503 0.000293 0.000107 0.000422 0.000271 0.000145 0.000158 8.12e-05 8.83e-05 3.9e-05 6.89e-05 0.000139 0.00011 7.95e-05 7.68e-05 1e-04 0.000106 0.000122 0.00148 0.000582 0.000589 0.000533 0.000455 0.000244 9.82e-05 0.00044 0.000243 0.07656
0.004883454 0.05269066 1.18 0.45 0.000324 6.29e-05 5.05e-07 8.4e-05 9.27e-05 8.31e-05 0.000291 5.27e-05 8.18e-05 7.35e-05 4.28e-05 0.000102 3.55e-05 3e-04 0.000167 0.000121 7.5e-05 2.72e-05 3.1e-05 2.84e-05 2.24e-05 4.72e-05 3.95e-05 6.01e-05 4.84e-05 7.19e-05 8.59e-05 9.94e-05 0.000406 0.000361 0.000299 0.000126 0.000169 0.000217 0.000102 0.000172 0.000386 0.00573
0.06520057 0.1274211 4.15 0.62 0.000783 0.0017 6.98e-05 0.000193 0.000599 0.000258 0.00105 0.000274 0.000202 0.000442 0.000811 0.000267 0.000178 0.000433 0.00037 0.000111 0.000101 0.00012 6.13e-05 0.000103 4.95e-05 8.25e-05 4.16e-05 0.000102 7.76e-05 8.25e-05 9.73e-05 5.61e-05 0.000883 0.000161 0.000391 0.000262 0.000167 0.000298 0.000194 0.000239 0.000486 0.08127
0 0.08822453 4.17 1.01 0.000876 0.00125 8.14e-05 0.000273 0.000238 0.000117 0.0011 0.000432 0.000165 0.000407 0.000697 6e-04 0.000298 0.00056 0.000533 0.000337 0.000183 0.000229 0.000142 0.000102 0.000107 0.000141 8.6e-05 0.000122 0.000104 0.000134 0.000185 0.000195 0.00291 0.000387 0.00107 0.000769 0.000217 0.00117 0.000116 0.000835 0.000851 0.2633
0.01386447 0.2423128 10.96 3.48 0.000784 0.01129 0.00085 0.000392 0.00106 0.000315 0.00152 0.000322 0.00115 0.000293 0.0015 0.00176 0.00114 0.00392 0.00248 0.00101 0.000816 0.000732 0.000578 0.000339 0.000361 0.00119 0.000565 0.00105 0.000842 0.00119 0.000564 0.00105 0.00446 0.00103 0.00212 0.00168 0.000569 0.00334 0.000476 0.00319 0.00238 0.71048
0.01715252 0.1140175 5.29 1.66 0.00175 0.0043 0.000534 0.000701 0.00108 0.000442 0.00266 0.000946 0.00105 0.000263 0.00385 0.00106 0.000223 0.00104 0.000763 0.000344 0.000335 0.000201 0.000165 0.000134 5.9e-05 0.000249 0.000146 0.000352 8.51e-05 7.88e-05 0.000145 0.00017 0.00135 0.000209 0.000532 0.000475 6.02e-05 0.000152 5.78e-05 0.000801 7.68e-05 0.13792
0.04553475 0.1733567 9.01 1.79 0.00574 0.00794 0.000865 0.000958 0.00312 0.000714 0.01451 0.00286 0.00207 0.00192 0.00671 0.00278 0.000511 0.00145 0.00094 0.000433 0.000483 0.000326 0.000251 0.000406 0.000214 0.000351 0.000165 0.000253 0.000143 0.00029 0.000178 0.000492 0.00206 0.000636 0.00127 0.00108 0.000318 0.000996 0.000156 0.00146 0.00112 0.43873
0.02529168 0.05142737 1.42 0.41 0.00037 7.9e-05 6.47e-05 6.33e-05 0.000135 6.93e-05 0.000379 0.000267 0.000298 0.000176 0.000226 0.000266 0.000111 0.00036 0.000148 0.000137 0.000201 0.000121 0.000145 0.000114 0.000169 0.000117 5.91e-05 9.52e-05 1e-04 0.000108 5.56e-05 9.43e-05 0.000737 0.000226 0.000582 0.000363 0.00046 0.000132 0.000165 0.00021 0.000489 0.0261
0.01178066 0.08697144 4.31 1.02 0.000676 0.000327 0.00013 0.000214 0.000332 0.000146 0.000566 0.000331 0.000362 0.000161 0.000314 0.000409 0.000335 0.00101 0.000451 0.000392 0.000327 0.000157 0.000205 0.000295 0.000194 0.00014 0.000157 0.000144 0.000128 0.000189 0.000236 0.00016 0.000869 0.000274 0.000388 0.000242 0.000179 0.000231 0.000143 0.000185 0.000462 0.09922
0.02803193 0.06114343 4.31 1.38 0.000648 0.002 0.000173 0.000373 0.000191 8.32e-05 0.000377 0.000285 0.000172 6.82e-05 0.000519 0.000304 0.000386 0.00115 0.000943 0.000383 0.000343 0.000229 0.000252 0.000148 7.44e-05 0.000276 0.000179 0.000182 0.000131 0.000177 0.000369 0.000214 0.00373 0.000586 0.0016 0.00134 0.000526 0.00144 0.000283 0.00236 0.00165 0.27867
0.008336823 0.1199048 4.72 1.48 0.000546 0.000825 0.000106 0.00021 0.000307 0.000143 0.000584 0.000203 0.000155 0.000174 0.000321 0.000901 0.000202 0.00134 0.000742 0.000556 0.000367 0.000252 0.000104 0.000117 0.00012 0.000236 0.000198 0.000169 0.000135 0.000111 0.000252 0.000193 0.00268 0.000523 0.00129 0.00103 0.00028 0.0011 0.000105 0.00159 0.000989 0.40013
0.06194755 0.395957 1.75 0.57 0.000353 0.000116 2.61e-05 0.000181 8.6e-05 8e-05 0.000531 0.000258 0.000178 0.000127 0.000149 0.000237 8.07e-05 0.000483 0.000372 0.000193 0.000219 8.61e-05 7.48e-05 6.9e-05 7.93e-05 3.51e-05 8.15e-05 0.000177 4.46e-05 6.85e-05 6.4e-05 0.000126 0.00114 0.000473 0.000424 0.000279 0.00018 0.000104 5.11e-05 0.000105 0.00015 0.11549
0.05149362 0.1044995 2.86 0.44 0.00161 0.00082 0.000321 0.000815 0.000636 0.000328 0.00163 0.000787 0.000453 0.00022 0.00079 0.00135 0.000142 0.000989 0.000495 0.000246 0.000181 0.000112 7.03e-05 0.000147 0.000142 0.000256 0.000148 0.000156 6.9e-05 0.000126 0.000118 0.000172 0.0022 0.000602 0.000897 0.000597 0.000198 0.000267 0.000141 0.000697 0.000955 0.18778
0.03754204 0.06157922 3.53 0.6 0.000806 0.00034 7.53e-05 0.000293 0.000179 0.000114 0.00122 0.00052 0.000888 0.000126 0.000362 0.000625 4.87e-05 0.000505 0.00038 0.00029 0.000269 5.22e-05 8.4e-05 8.38e-05 7.43e-05 0.000249 0.000107 0.000144 7.7e-05 6.27e-05 9.7e-05 0.000176 0.00179 0.000542 0.000759 0.000414 0.000236 0.00022 8.27e-05 0.000337 0.000667 0.19026
0.03027486 0.06605234 1.63 0.29 0.000334 0.000112 5.11e-05 0.000195 0.000193 0.000117 0.000566 0.000194 0.00014 0.000122 0.000168 0.000181 8.16e-05 0.000257 0.000208 0.000111 0.000126 6.35e-05 3.75e-05 6.08e-05 5.52e-05 9.13e-05 6.18e-05 8.73e-05 1.31e-05 3.35e-05 3.43e-05 6.9e-05 0.000326 2.54e-05 0.000207 6.91e-05 1.85e-05 0.000125 1.31e-05 0.000117 0.000103 0.02471
0.030376 0.03690105 3.05 0.4 0.00156 0.000432 0.000176 0.000418 0.000384 0.000148 0.00223 0.000744 0.000357 0.000287 0.000138 0.000379 0.000142 0.000451 0.000368 0.000182 0.000295 0.000138 0.000112 6.58e-05 3.84e-05 9.16e-05 7.48e-05 0.000119 5.61e-05 6.92e-05 0.000104 0.00012 0.00137 6.26e-05 0.000602 0.000241 3.65e-05 0.000428 9.44e-05 0.00073 0.000252 0.08202
0.01548039 0.06432688 2.39 0.44 0.000511 0.000373 5.76e-05 0.000259 0.000208 9.85e-05 0.000937 0.000404 0.000349 7.53e-05 0.000221 0.000275 0.000124 0.000411 0.000313 0.000173 0.000184 0.000143 0.000101 0.000151 0.000207 0.000261 0.000324 0.000356 0.000261 0.000371 0.000184 0.000283 0.00094 0.000232 0.000206 0.00022 0.000245 0.000183 3.98e-05 0.000511 0.000181 0.07346
0.02210875 0.0322005 1.2 0.23 0.000901 0.000245 0.000175 0.000346 0.000445 0.000261 0.000754 0.000336 0.000205 0.000217 0.000189 0.000258 9.49e-05 0.000191 0.000128 0.000137 0.000118 7.21e-05 6.93e-05 0.000191 2.88e-05 7.85e-05 5.29e-05 5.2e-05 8.91e-05 8.63e-05 9.03e-05 9.72e-05 0.00114 0.000107 0.000732 0.000328 0.000159 0.000136 7.94e-05 0.00073 0.000264 0.05276
0.03300511 0.1031410 5.32 1.04 0.00171 0.00282 0.000553 0.000625 0.00154 0.000876 0.00244 0.00067 0.000728 0.000305 0.000443 0.000699 0.000241 0.00069 0.00066 0.000374 0.000257 0.000335 0.00025 0.000223 9.91e-05 0.000418 0.000231 0.000303 0.00025 0.000207 0.000194 0.000199 0.00685 0.00117 0.00326 0.00338 0.000597 0.00245 0.000506 0.00421 0.00236 0.21708
0.03685853 0.08893549 2.61 0.62 0.00165 0.00153 0.000317 0.000929 0.000485 0.00025 0.00113 0.00064 0.000455 0.000132 0.000244 0.000374 0.000215 0.000698 0.000621 0.00042 0.000351 0.000215 0.000298 0.000347 0.000333 0.000181 0.000498 0.00031 0.000286 0.000171 0.000205 0.000291 0.00298 0.000628 0.00189 0.00128 0.000264 0.00097 0.000265 0.00143 0.00122 0.10635
0.008415795 0.04133991 2.5 0.29 0.00154 0.000568 0.000183 0.000478 0.000633 0.000182 0.00489 0.000982 0.000516 0.000232 0.000489 0.000883 1e-04 0.000446 0.000444 0.000234 0.000269 0.000186 0.000133 0.00021 0.000104 0.000193 6.48e-05 0.000377 0.000274 0.000172 0.000243 0.000118 0.000407 0.00015 0.00033 0.00014 0.000125 0.000173 8.69e-05 0.000334 0.000242 0.1445
0.01845204 0.03599771 1.78 0.3 0.000939 0.00024 0.000144 0.000225 0.000522 0.000387 0.00236 0.000662 0.000175 0.000172 0.000288 0.000349 7.76e-05 0.000276 0.000209 7.88e-05 0.000184 0.000216 0.000171 0.000155 7.53e-05 8.49e-05 0.000114 0.00012 9.7e-05 8.12e-05 6.73e-05 0.000102 0.000892 0.000164 0.000547 0.000502 0.000182 0.000242 5.28e-05 0.000377 0.00015 0.07412
0.05330312 0.07058054 1.18 0.12 0.000932 0.000282 0.000101 0.000432 0.000332 0.000149 0.00121 0.000482 0.000268 0.000193 0.000152 0.000246 0.000138 0.000299 0.000211 0.000219 0.000294 8.08e-05 8.68e-05 0.000192 0.000121 0.00019 0.000112 9.09e-05 0.000104 0.000114 0.000139 0.000111 0.000707 0.000116 0.000411 0.000307 0.000101 0.000207 4.57e-05 0.000278 0.000189 0.09414
0.02461624 0.07464756 0.93 0.14 0.000371 8.52e-05 4.93e-05 0.000131 0.000218 5.21e-05 0.000567 0.000185 0.000155 0.000165 0.000224 9.81e-05 0.000111 0.00021 0.00036 0.000391 0.000254 0.000281 0.00033 0.000293 0.000135 0.000257 0.000104 0.000137 7.46e-05 9.42e-05 7.71e-05 9.91e-05 0.000263 3.77e-05 7.51e-05 7.83e-05 3.23e-05 6.44e-05 3.34e-05 0.000165 6.16e-05 0.0485
0.04619599 0.05934839 1.79 0.33 0.000342 0.000132 6.59e-05 0.000161 0.000394 0.000256 0.000836 0.000371 0.000273 0.000219 0.000188 0.000288 0.000209 0.000793 0.000851 0.000508 0.000316 0.000334 0.000284 0.000227 0.000307 0.000267 0.000234 0.00037 0.000231 0.000211 0.000224 0.000175 0.000921 0.000136 0.000393 0.000146 0.000155 0.000123 6.47e-05 0.000415 0.000145 0.07742
0.05024211 0.07354239 2.46 0.52 0.000821 0.000431 0.000124 0.000234 0.000447 0.000149 0.00295 0.000979 0.000713 9.65e-05 0.000674 0.000343 8.07e-05 0.000307 0.000344 0.000136 0.00015 6.68e-05 5.51e-05 1.19e-05 7.51e-06 6.95e-05 4.65e-05 5.44e-05 3.74e-05 4.15e-05 6.92e-05 8.02e-05 0.000447 1.06e-05 3.97e-05 4.92e-05 1.46e-05 1.56e-05 1.13e-05 3.98e-05 2.42e-05 0.05532
0.03184445 0.04519403 0 0.64 0.00072 0.000536 0.000174 0.000261 0.000525 0.000274 0.00151 0.000558 0.000467 0.00028 0.000251 0.000193 0.000176 7e-04 0.000487 0.00034 0.000149 9.88e-05 0.000162 0.000258 8.7e-05 0.000263 0.00026 0.000298 0.000229 0.000225 0.000139 0.000382 0.00231 0.000173 0.000726 0.000255 0.000189 0.000933 0.00015 0.000359 0.000297 0.15811
0.03197277 0.1046579 2.05 0.34 0.000905 0.00086 0.000133 0.000298 0.000509 0.000215 0.00282 0.000921 0.000274 0.000292 0.000247 0.000499 9.78e-05 0.000187 0.000138 3.91e-05 3.72e-05 7.42e-05 6.93e-05 9.83e-05 0.000101 0.000145 6.76e-05 9.73e-05 0.00012 5.37e-05 8.67e-05 0.000109 0.000567 0.000173 0.000372 0.000257 0.000162 0.000222 8.62e-05 0.000324 0.000252 0.03864
0.02777567 0.104472 2.72 0.45 0.000876 0.000516 0.000202 0.000278 7e-04 0.000256 0.00362 0.000866 0.000317 0.000318 0.000519 0.000646 0.000154 0.000557 0.00015 4.91e-05 0.000107 9.72e-05 7.12e-05 1e-04 4.61e-05 1e-04 9.33e-05 0.000112 0.00013 0.000118 9.1e-05 0.000119 0.000496 0.000149 0.000332 0.000135 0.000247 0.000184 0.000102 0.000329 0.000218 0.03905
0.05255469 0.09277253 3.21 0.41 0.00112 0.000712 0.000207 0.000304 0.000544 0.00022 0.00148 0.000938 0.000329 0.000565 0.000702 0.000763 0.000205 0.000634 0.000464 0.000135 0.000105 8.43e-05 8.21e-05 0.000131 0.000109 0.000205 0.000155 0.000256 0.000188 2e-04 0.000148 0.000191 0.000734 0.000256 0.000509 0.000397 0.000373 0.000448 0.000264 0.000351 0.000242 0.05929
0.08687312 0.2915274 1.73 0.46 0.00157 0.00121 0.000219 0.000599 0.000426 0.000176 0.00248 0.000738 0.000318 0.000531 0.000356 0.000587 0.00018 0.000139 9.06e-05 7.37e-05 5.09e-05 9.57e-05 7.51e-05 0.000145 6.47e-05 0.000161 0.000127 0.000114 0.000183 0.000144 0.000153 0.000162 0.00132 0.000351 0.000599 0.000288 0.000126 0.000486 0.000128 0.000349 0.000356 0.07512
0.04733385 0.1498022 2.75 0.26 0.00126 0.000984 0.000196 0.000259 0.00066 0.00036 0.000552 0.000595 0.000248 0.000338 0.000746 0.000656 0.00017 0.000252 0.000576 0.000113 0.000125 0.000124 0.000144 0.000121 0.000176 0.000182 0.000132 0.000182 0.00028 0.000185 0.000178 5.74e-05 0.000326 0.000231 0.000301 0.000185 0.000153 0.000225 6.61e-05 0.000295 0.000103 0.02665
0.002377995 0.1164404 3.25 0.98 0.0012 0.00811 0.000314 0.000459 0.00049 0.000246 0.00188 0.000504 0.000579 0.000365 0.000862 0.000408 0.000275 0.000723 0.000989 0.000233 0.000271 4e-04 0.000145 0.000208 0.000248 0.00027 0.000272 0.000278 0.000201 0.000205 3e-04 0.000199 0.000751 0.00039 0.000284 0.000547 0.000283 0.000401 0.000109 0.000542 0.000666 0.05852
0.05608448 0.1225469 3.64 0.88 0.00101 0.0018 0.000251 0.000326 0.000561 0.000369 0.00137 0.000573 0.000583 0.000612 0.000782 0.000467 0.000249 0.000861 0.00107 0.000433 0.000301 0.000114 0.000121 0.000184 0.000101 0.00075 0.00055 0.00075 7.61e-05 0.000253 0.000213 0.000279 0.00191 0.00025 0.000378 0.000416 0.000448 0.000843 9.75e-05 0.000302 0.000328 0.09624
0.02636589 0.06677343 3.45 0.52 0.00159 0.00665 0.000405 0.000515 0.000421 0.000164 0.0036 0.000744 0.000588 0.00102 0.000815 0.00125 0.000551 0.000877 0.000218 0.000136 1e-04 0.000263 7.39e-05 0.000229 0.000228 0.000263 0.000182 0.000264 0.000258 0.000276 0.000137 0.000253 0.00105 0.000311 0.000279 0.000224 0.000207 0.000246 4.16e-05 0.000434 0.000185 0.17638
0.04278605 0.1359828 7.01 0.72 0.00199 0.000205 0.000171 0.000845 0.000365 9.11e-05 0.000683 0.000244 0.000171 0.000415 0.00085 0.00165 0.000327 0.00117 0.00181 0.000631 0.000566 0.000392 0.000276 0.000208 0.000181 0.000324 0.000258 0.000375 0.000139 0.000188 0.000237 0.000343 0.000734 3.2e-05 0.000392 0.000201 5.59e-05 0.000402 5.83e-05 0.000478 0.00066 0.01752
0.02689545 0.05976534 3.51 0.59 0.00291 0.000951 0.000309 0.000987 0.00145 0.000643 0.00267 0.00126 0.00148 0.000603 0.00251 0.0013 0.000111 0.000646 0.000584 0.000293 0.000352 0.000215 2e-04 0.000153 0.000122 0.000153 0.00012 0.000253 0.000116 0.000117 0.000165 0.000108 0.000466 4.98e-05 4e-04 9.48e-05 0.000103 0.00017 1.29e-05 0.000278 0.000436 0.04218
0.02169037 0.06084356 2.62 0.56 0.00268 0.00277 0.000708 0.000742 0.00126 0.000499 0.00226 0.000963 0.00108 0.000904 0.000859 0.000884 9.09e-05 0.00036 0.000319 0.000161 0.000179 9.67e-05 0.000101 8.97e-05 4.35e-05 8.11e-05 7.1e-05 0.000135 5.06e-05 5.3e-05 8.38e-05 9.5e-05 0.00108 0.000116 0.000677 0.000293 0.000123 0.000558 9.12e-05 0.000701 0.000605 0.03517
0.02380139 0.1013306 6.72 0.66 0.00068 0.000739 0.000208 0.000197 0.000514 0.000339 0.000726 0.000284 0.00029 0.00032 0.000248 0.000301 8.33e-05 0.000377 0.000285 0.000195 0.000156 0.000131 0.000124 7.6e-05 4.77e-05 4.53e-05 3.25e-05 7.08e-05 4.15e-05 6.66e-05 7.64e-05 7.53e-05 0.000264 8.71e-05 0.000203 0.000102 9.71e-05 7.85e-05 1.68e-05 0.000106 0.000159 0.04834
0.02489771 0.1112594 3.15 0.71 0.00192 0.000922 0.000281 0.000509 0.00107 0.000278 0.00338 9e-04 0.000988 0.000614 0.000652 0.000679 9.47e-05 0.000356 0.000383 0.000182 0.000231 0.000101 0.000105 0.000133 8.97e-05 9.75e-05 4.82e-05 0.000191 8.51e-05 0.000112 9.91e-05 0.000139 0.000356 0.000127 0.000455 0.000243 0.00016 7.63e-05 7.85e-05 0.000238 0.000198 0.06822
0.0646869 0.1552901 5.22 0.49 0.00125 0.00027 0.000162 0.000372 0.000406 0.000251 0.000641 0.000309 0.000192 0.000216 0.000461 0.000319 0.00025 0.000512 0.000586 0.000352 0.000308 0.000256 0.000192 0.000197 9.67e-05 0.000142 0.000129 0.000194 8.88e-05 8.77e-05 0.000213 0.000121 0.000939 8.22e-05 0.000641 0.000205 7.92e-05 0.000276 7.8e-05 0.000415 0.000327 0.0436
0.04625154 0.09138415 6.56 0.7 0.000876 0.00437 0.000456 0.000368 0.000532 0.000169 0.000691 0.000397 0.000275 0.000326 0.000532 0.000498 0.000207 0.000445 0.000294 0.000138 0.000199 6.43e-05 7.36e-05 4.21e-05 3.9e-05 0.000111 9.64e-05 0.000133 6.02e-05 5.99e-05 0.000106 0.000109 0.00037 3.58e-05 0.00023 5.99e-05 3.98e-05 0.000124 5.68e-05 0.00027 0.000362 0.05446
0.04236117 0.1069773 3.54 0.6 0.00111 0.000819 0.000173 0.000289 0.000627 0.000198 0.00129 0.000478 0.000472 0.000305 0.000363 0.000581 0.000449 0.000935 0.000814 0.000395 0.000323 0.000126 0.000158 0.000145 9.61e-05 0.000224 0.000192 0.000217 0.000121 9.59e-05 0.000289 0.000201 0.0017 0.000172 0.00103 0.000483 0.000163 0.000945 0.000268 0.000742 0.000417 0.02147
0.06383463 0.08560252 6.14 0.72 0.000834 0.000316 0.000144 0.000247 0.000427 0.000177 0.000471 0.000184 0.000188 0.000179 0.000286 0.000164 0.000117 0.000382 0.000427 0.000237 0.000162 0.000121 0.000122 4.29e-05 5.18e-05 0.000129 9.54e-05 0.000137 8.67e-05 5.38e-05 9.17e-05 0.000136 0.000285 2.33e-05 0.000165 4.49e-05 4.61e-05 3.55e-05 3.27e-05 0.000154 0.000116 0.08307
0.03806957 0.1130242 3.33 0.45 0.00173 0.00155 0.000163 0.000437 0.000901 0.000346 0.00252 0.000684 0.000681 0.000462 0.000379 0.000505 6.71e-05 0.000169 0.000125 0.000121 7.4e-05 2.45e-05 3.24e-05 5.43e-05 5.77e-05 1.98e-05 2.29e-05 5.74e-05 2.84e-05 3.3e-05 4.14e-05 3.8e-05 0.000619 9.65e-05 0.00038 0.000188 0.000129 0.000159 2.08e-05 0.000185 0.000166 0.02372
0.03522798 0.08684106 3.84 0.42 0.00082 0.00308 0.000164 0.000269 0.000642 0.00022 0.000915 0.000326 0.000702 0.000247 0.000413 0.000371 2.96e-05 0.000136 0.000245 0.000126 0.000143 0.000107 5.31e-05 0.000115 7.28e-05 5.14e-05 2.86e-05 4.33e-05 3.4e-05 2.05e-05 4.98e-05 4.73e-05 0.000296 5.85e-05 0.000187 6.93e-05 6.19e-05 5.94e-05 2.22e-05 0.000138 0.00016 0.02673
0.02164167 0.05761475 2.78 0.76 0.000514 0.00171 0.000205 0.000232 0.000422 0.00021 0.000512 0.000195 0.00021 0.000102 0.000229 0.000319 3.61e-05 0.00043 0.000225 0.000174 0.000172 0.000137 0.000121 7.49e-05 3.52e-05 5.58e-05 5.5e-05 7.38e-05 7.17e-05 5.62e-05 9.54e-05 0.000101 0.000588 0.000118 0.000309 0.00012 0.000151 0.000147 2.12e-05 0.00021 0.000189 0.04819
0.05388742 0.08774878 4.47 0.92 0.000924 0.00024 0.000105 0.000263 8e-04 0.000375 0.000602 0.000421 0.000179 0.000601 0.000466 0.000338 0.000213 0.000568 0.000356 8.57e-05 9.42e-05 7.52e-05 0.000101 0.000194 0.000141 8e-05 0.000148 0.000145 9.4e-05 7.99e-05 0.000146 0.000131 0.00102 0.00023 0.000428 0.000241 0.000395 8.15e-05 6.38e-05 0.000107 8.87e-05 0.03579
0.03962569 0.1309069 3.76 1.09 0.000939 0.00156 0.000256 0.000405 0.000681 0.000314 0.000978 0.000481 0.000429 0.000228 0.00091 0.000366 0.000179 0.000397 0.000405 0.000198 0.000193 0.000206 0.000125 3.17e-05 0.000103 0.000168 0.000106 0.000171 9.39e-05 5.31e-05 0.000125 0.000108 0.000794 0.000193 0.000568 0.000277 0.000198 0.000204 6.67e-05 0.000563 0.000235 0.03162
0.02082133 0.09261551 2.16 0.64 0.000215 0.00027 7.02e-05 0.000129 0.000162 8.65e-05 0.000465 0.000157 0.000218 8.08e-05 0.000189 0.000139 8.36e-05 0.000335 0.000264 0.000144 7.36e-05 9.17e-05 6.95e-05 4.52e-05 4.61e-05 9.2e-05 5.33e-05 0.000106 2.87e-05 4.67e-05 4.26e-05 4.58e-05 0.000601 7.28e-05 0.000288 0.000129 5.71e-05 7.11e-05 1.84e-05 0.000289 0.000201 0.00573
0.03009639 0.07417575 5.5 0.98 0.00112 0.00147 0.000243 0.000479 0.000833 0.000452 0.00242 0.000487 0.000229 0.00016 0.000415 0.000293 0.000115 0.000564 0.000624 0.000327 0.000294 0.000183 0.000137 0.000117 6.46e-05 9.01e-05 8.18e-05 0.000159 6.04e-05 4.07e-05 0.00021 0.000191 0.00095 9.79e-05 0.00053 0.00018 9.98e-05 0.000232 4.73e-05 0.000598 0.000341 0.03703
0.0213595 0.1498094 6.41 1.69 0.000258 0.00227 0.000323 0.000196 0.000426 0.000271 0.00021 0.000107 0.000228 0.000114 0.000633 0.000281 0.00054 0.00218 0.00178 0.000832 0.000822 0.000527 0.000399 0.000365 0.000293 0.000388 0.000428 0.000356 0.00028 0.000634 0.000441 0.00042 0.00214 0.000416 0.00102 0.000778 0.000155 0.000879 0.000157 0.00137 0.000686 0.10778
0.03861299 0.1246761 4.13 0.62 0.000261 0.000476 7.39e-05 0.000112 0.000478 0.000174 6e-04 0.000209 0.000246 0.000133 0.000385 0.000223 0.000162 0.000732 0.000541 0.000234 0.000202 0.000147 7.95e-05 7.1e-05 0.000101 0.000102 8.98e-05 0.000116 6.87e-05 0.000117 0.000133 0.00011 0.000989 0.000151 0.000426 0.000137 5.51e-05 0.000199 5.01e-05 0.000239 0.000129 0.02088
0.03855497 0.1402365 3.31 0.77 0.0011 0.00335 3e-04 0.000313 0.000351 0.000132 0.000855 0.000231 0.000316 0.000148 0.000332 0.000538 0.000423 0.000636 0.000553 0.000426 0.000319 0.000254 0.000225 9.72e-05 0.000167 0.000291 0.000235 0.000351 0.000166 0.000155 0.000308 0.000298 0.00132 0.000163 0.000782 0.00036 0.000227 0.000505 5.7e-05 0.000204 0.000267 0.05792
0.01988344 0.07671235 3.23 0.87 0.0013 0.00102 9.98e-05 0.000431 0.000684 0.00039 0.00148 0.000423 9.58e-05 0.000105 0.000281 0.000349 0.000115 0.000514 0.000504 0.000434 0.000284 0.000221 0.00019 0.000202 9.99e-05 0.000219 0.000211 0.000288 0.000122 0.000111 0.000202 0.000239 0.000415 8.85e-05 0.000293 0.000146 0.000159 5.04e-05 0.000116 0.000114 0.000155 0.05553
0.01672093 0.1116002 2.23 0.6 0.000429 0.000284 0.000111 0.00017 0.00036 0.000241 0.000794 0.000105 0.000357 7.25e-05 0.000216 0.000167 0.000334 0.000705 0.000586 0.000348 0.000186 8.44e-05 0.000105 0.000114 6.3e-05 0.000216 0.000259 0.000289 0.000124 9.9e-05 0.00013 0.000253 0.000368 0.000116 0.000288 0.000188 0.000107 0.000124 5.06e-05 0.000139 6.38e-05 0.03253
0.02384718 0.0740362 2.32 0.79 0.000487 0.000362 8.07e-05 0.000229 0.000449 0.00021 0.000836 0.00021 0.000232 8.77e-05 0.000207 0.000383 0.00019 0.000396 0.000352 0.000164 0.000177 5.97e-05 5.75e-05 6.55e-05 0.000122 0.000183 0.000108 0.000271 5.8e-05 8.74e-05 4.55e-05 6.31e-05 0.00304 0.000647 0.00104 0.00091 0.000754 0.000352 3.47e-05 0.000237 0.000399 0.05394
0.01492484 0.03274062 1.56 0.46 0.000642 0.000246 8.64e-05 0.000177 0.000342 0.000148 0.00121 0.00023 0.000241 4.85e-05 0.000145 0.000275 0.000203 0.000362 0.000241 4.67e-05 0.00012 7.1e-05 5.25e-05 6.34e-05 0.000161 7.69e-05 9.67e-05 7.28e-05 6e-05 9.71e-05 3.68e-05 9.81e-05 0.00044 0.000336 0.000212 0.00011 0.000169 3.83e-05 4.7e-05 6.77e-05 2.42e-05 0.01936
0.02983208 0.08745828 3.35 0.71 0.000395 0.000305 8.66e-05 0.000168 0.000379 0.000206 0.000876 0.000255 0.000366 9.92e-05 0.000329 0.000696 0.000281 0.000533 0.000685 0.000123 0.000151 0.00015 0.000194 0.000116 0.000136 9.65e-05 8.67e-05 0.000128 8.97e-05 0.000153 0.000181 0.000169 0.000148 0.000131 0.000149 0.000157 9.6e-05 7.88e-05 3.79e-05 6.53e-05 4.13e-05 0.09126
0.02916616 0.05212015 3.24 0.67 0.000487 0.000323 0.000106 0.000213 0.00032 0.000149 0.000495 0.000201 0.000356 8.07e-05 0.000259 0.000447 0.000373 0.000615 0.00058 0.00016 0.000101 0.000176 4.56e-05 0.000136 0.000103 0.000206 0.000154 0.000199 0.000147 5.3e-05 6.35e-05 0.000101 0.00156 0.000165 0.000731 0.000356 0.000346 0.00019 2.64e-05 0.000227 0.000869 0.15679
0.05510562 0.1523296 3.52 0.95 0.000424 0.00111 0.000164 2e-04 0.000338 0.000173 0.00069 0.000159 0.000229 0.000113 0.000216 0.000279 0.000228 0.000717 0.000649 0.000311 0.000337 0.000209 0.000156 2.56e-05 3.82e-05 0.000263 0.00031 0.000157 0.000146 7.64e-05 0.000204 0.000145 0.000971 0.000204 0.000723 0.000402 0.000247 8.67e-05 4.63e-05 0.00054 0.000399 0.10007
0 0.1008201 7.18 1.23 0.000603 0.000622 0.000172 0.000266 0.000416 0.000226 0.000949 0.000342 0.000379 9.87e-05 0.000522 0.000617 0.000273 0.000583 0.000522 0.000326 0.000251 0.000212 0.000109 0.000113 5.71e-05 0.000164 0.000226 0.000259 7.64e-05 0.000117 0.000117 0.000141 0.0015 0.000209 0.000932 0.000833 0.000378 0.000964 0.000187 0.00105 0.000927 0.20205
0.01210249 0.05857383 2.44 0.66 0.000725 0.00128 0.000201 0.000276 0.000335 0.000139 0.00164 0.00071 0.000539 0.000165 0.000528 0.000595 6.22e-05 0.00024 0.000152 0.000149 0.000106 0.000136 1e-04 8.87e-05 0.000115 4.97e-05 6.21e-05 7.79e-05 7.9e-05 9.15e-05 8.57e-05 6.97e-05 0.00332 0.00046 0.000986 0.000708 0.000308 9.12e-05 8.79e-05 0.000489 0.000453 0.04826
0.05245177 0.221423 14.72 2.19 0.00137 0.00893 0.000849 0.00055 0.0013 0.000568 0.00206 0.00063 0.00147 4e-04 0.000395 0.00095 0.000669 0.00188 0.00162 0.000694 0.000405 0.000575 0.00046 0.000217 0.000197 0.000611 0.000516 0.000968 0.000252 0.000267 0.000513 0.000458 0.00849 0.00205 0.00404 0.00391 0.000769 0.00302 0.000915 0.00418 0.00233 0.43086
0.01661692 0.06073843 5.23 0.92 0.00107 0.00328 0.00024 0.000282 0.000486 0.000198 0.00314 0.000588 0.000399 0.000176 0.000415 0.000767 0.000178 0.000308 0.000432 0.000178 0.000161 5e-05 8.43e-05 0.000108 5.78e-05 0.000214 9.49e-05 0.000272 0.000199 0.000257 0.00016 0.000276 0.00144 0.000347 0.000776 0.00043 0.000491 9.13e-05 7.08e-05 0.000403 0.000587 0.16828
0.01632164 0.0514643 2.1 0.49 0.000343 0.000348 8.32e-05 0.000129 0.000183 0.000113 0.00114 0.000288 0.000322 0.000133 0.000427 0.000277 0.000138 0.000446 0.000328 0.000153 0.000137 0.000117 7.73e-05 5.3e-05 4.7e-05 7.52e-05 5.92e-05 0.000141 6.9e-05 0.000135 0.000182 0.00016 0.000853 0.000159 0.000367 0.000265 0.000576 0.000101 5.29e-05 0.000282 0.000167 0.10305
0.01061084 0.02463908 6.24 0.85 0.000771 0.000855 0.000202 3e-04 0.000465 0.000215 0.00242 0.000799 0.000755 0.000175 0.00103 0.000463 0.000338 0.000982 0.000898 0.000485 0.00022 0.000277 0.000267 0.000143 0.000151 0.000314 0.000359 0.000313 0.000191 0.000271 0.000193 0.000309 0.00137 0.000212 0.000815 0.000625 0.000399 0.000146 4.36e-05 0.000361 0.000694 0.15457
0.02992763 0.05537537 5 0.92 0.000818 0.00116 0.000306 0.000388 0.000495 0.000301 0.00269 0.000671 0.000693 0.000138 0.000609 0.000326 0.000282 0.000511 0.000577 0.000195 0.000301 0.000113 5.41e-05 0.000127 0.000131 0.000273 0.000229 0.000209 0.000148 0.00017 0.000181 0.000168 0.00202 0.000407 0.000798 0.000692 0.000442 0.000181 4.98e-05 0.000783 0.000483 0.15144
0.02199214 0.1165141 2.37 1.04 0.000666 0.000163 8.7e-05 0.000375 0.000212 0.000113 0.00111 0.000575 0.000188 0.000181 0.000223 0.000229 7.79e-05 0.000426 0.000404 0.000197 3.24e-05 4.8e-05 7.97e-05 5.68e-05 5.11e-05 8.55e-05 0.000117 0.000101 8.58e-05 0.000105 0.000113 0.000216 0.000445 0.000184 0.000271 0.000295 0.000193 1.56e-05 2.98e-05 0.00022 0.000172 0.00573
0.02250110 0.1252777 3.72 1.05 0.00142 0.000429 0.000167 0.000775 0.000404 0.000154 0.00158 0.000751 0.000657 0.000292 3e-04 0.000396 0.000145 0.000313 0.000379 0.000127 4.41e-05 4.94e-05 0.000112 4.09e-05 2.39e-05 0.000181 9.94e-05 9.92e-05 7.95e-05 9.43e-05 4.36e-05 6.08e-05 0.00155 0.000207 0.000594 0.000434 0.000163 0.000133 3.35e-05 0.00017 0.000545 0.06823
0.04422095 0.08992417 2.01 0.54 0.00083 0.000204 9.72e-05 0.000544 0.000223 9.16e-05 0.000823 0.000651 0.000148 4.69e-05 0.000283 0.000241 6.72e-05 0.000132 0.000117 5.58e-05 9.17e-05 6.05e-05 4.38e-05 3.05e-05 2.73e-05 6.79e-05 6.16e-05 7.69e-05 5.07e-05 5.84e-05 5.02e-05 5.62e-05 0.00129 0.000249 0.000706 0.000594 0.000203 4.85e-05 5.76e-05 0.000131 9.27e-05 0.02115
0.03438455 0.08611317 3.14 0.67 0.00125 0.000355 0.000106 0.000807 0.000321 0.000124 0.00115 0.000525 0.000304 0.000131 0.000291 0.00022 0.000108 0.000537 0.000521 0.000171 0.000132 3.84e-05 3.66e-05 6.15e-05 6.76e-05 0.000187 0.000112 0.000271 0.000106 0.00012 0.000132 6.77e-05 0.000843 0.000101 0.000324 0.000173 0.000156 2.77e-05 2.5e-05 5.62e-05 6.27e-05 0.04217
0.005702532 0.04563451 3.1 0.6 0.00127 0.000739 0.000332 0.000321 0.000675 0.00041 0.00234 0.00154 0.00153 0.000513 0.000242 0.000646 0.00015 0.000554 0.000609 0.000399 0.000263 0.000154 0.000155 6.85e-05 0.000104 0.000216 0.000161 0.000335 0.000191 0.000196 0.000337 0.000205 0.00136 0.00144 0.001 0.000978 0.000714 0.000181 0.000167 0.000316 0.000276 0.23738
0.04253772 0.02466028 2.38 0.5 0.00109 0.000463 0.000187 0.000434 0.000637 0.000328 0.00376 0.000793 0.000211 0.000184 5.72e-05 0.000982 0.000127 0.000193 0.00019 0.000256 0.000235 0.000216 0.000302 0.000122 0.000151 0.000132 0.000142 0.000181 9.43e-05 0.000126 0.000132 9.73e-05 0.00299 0.00199 0.0017 0.00103 0.000884 0.000144 0.000296 0.000202 0.000285 0.20113
0.04157031 0.06559518 7.77 1.12 0.00183 0.0051 0.000403 0.000878 0.00135 0.000824 0.00197 0.000898 0.000809 0.000307 0.00123 0.00265 0.00123 0.00279 0.00171 0.000476 0.000544 0.000485 0.000214 0.000108 0.000152 0.000464 0.000402 0.000545 0.000649 0.000308 0.000529 0.000299 0.00376 0.00206 0.00139 0.000898 0.00105 0.000318 0.000229 0.00137 0.00116 0.36112
0.03964755 0.05785253 3.31 0.52 0.00136 0.00346 0.000338 0.000494 0.000981 0.000415 0.00174 0.000399 0.000376 0.000155 7.45e-05 0.000693 0.000253 5e-04 0.000789 8.59e-05 0.000126 0.000265 0.000217 0.00019 0.000112 3e-04 0.000166 0.000156 0.000108 0.000212 0.000165 7.63e-05 0.00241 0.000548 0.000729 0.000896 5e-04 9.61e-05 0.000192 0.000189 0.000282 0.056
0.04205056 0.05890249 3.2 0.92 0.000761 0.000589 0.000141 0.000357 0.000799 0.000429 0.00187 0.000787 0.000315 0.000138 0.000357 0.000468 0.000271 0.000417 0.000516 7.45e-05 7.26e-05 0.000105 6.84e-05 9.15e-05 6.45e-05 0.000178 0.000174 0.000311 0.000138 0.000202 0.000233 0.000122 0.00044 0.000684 0.000327 0.000222 0.000166 2.47e-05 0.000139 6.96e-05 0.00012 0.02969
0.05340189 0.08791297 1.82 0.62 0.00166 0.000213 0.00017 0.00079 0.000387 0.000226 0.00124 0.00124 0.000289 0.000109 1.56e-05 0.000299 0.000272 0.000263 0.000215 0.000161 7.55e-05 0.000154 7.58e-05 9.83e-05 0.000125 0.000194 0.000192 0.000255 0.000152 0.000111 0.000155 8.59e-05 0.00159 0.00104 0.00102 0.000953 0.000615 6.84e-05 0.000166 0.000104 0.000196 0.00573
0.01880339 0.1032662 4.58 0.63 0.00102 0.000551 0.000143 0.000267 0.000603 0.000257 0.00311 0.000704 0.000546 0.000178 0.00024 0.000872 9.39e-05 0.000675 0.000822 8.04e-05 0.000181 0.000111 0.000129 7.48e-05 0.000113 0.000196 0.000116 0.000115 0.000146 0.00021 0.000118 0.000156 0.000822 0.000412 0.000435 0.000263 0.000312 0.000103 0.000118 6.44e-05 0.000127 0.06274
0.07081681 0.2139958 4.61 0.97 0.000446 8.45e-05 0.000397 0.000216 0.000209 0.000118 0.000177 0.000182 0.000146 0.000195 1.56e-05 0.000125 0.000198 0.000417 0.000405 0.000141 0.000181 0.000168 0.00012 0.000178 0.000143 6.31e-05 0.000318 0.000384 8.13e-05 0.000146 3e-04 0.000182 0.00175 0.00152 0.00116 0.00086 0.000671 0.00017 0.00039 0.000303 0.000609 0.08163
0.02865327 0.03840599 1.22 0.3 0.000333 8.93e-05 5.08e-05 0.000128 0.00019 0.000105 0.00141 0.000458 0.000583 8.62e-05 1.56e-05 0.000273 2.71e-05 0.000101 5.29e-05 4.82e-05 4.09e-05 4.67e-05 3.27e-05 7.22e-05 4.8e-05 3.68e-05 4.65e-05 0.000133 4.74e-05 3.64e-05 7.65e-05 3.49e-05 0.000327 0.000555 0.00034 0.000286 0.000187 3.15e-05 3.61e-05 7.98e-05 9.01e-05 0.00734
0.04181156 0.1433628 2.85 0.86 0.00161 0.000586 0.000333 0.000581 6e-04 0.000218 0.00462 0.00239 0.000745 0.00125 0.00218 0.00109 0.000521 0.000207 0.000297 7.04e-05 7.48e-05 1.83e-05 5.91e-05 6.02e-05 0.000143 3.37e-05 8.23e-05 8.52e-05 4.55e-05 0.000112 3.81e-05 3.84e-05 0.00061 0.000253 0.000496 0.000193 0.000284 0.000252 0.000107 0.000516 0.000288 0.05703
0.02241159 0.08537165 1.74 0.6 0.00203 0.00117 0.000291 0.000521 0.000516 0.000238 0.00436 0.00349 0.00192 0.000437 0.000292 0.000618 0.000333 0.00114 0.000427 0.000173 9.17e-05 0.000145 6.53e-05 7.42e-05 0.000136 0.000148 0.000169 0.000188 0.000105 0.000104 0.000136 0.000151 0.00341 0.000659 0.00158 0.00135 0.000429 0.00123 0.000168 0.000774 0.000584 0.0386
0.05803391 0.2856868 4.24 0.73 0.000737 0.0039 0.000242 0.000262 0.00057 0.000166 0.00088 0.000326 0.000678 0.000207 0.000834 0.000772 0.000383 0.00223 0.000662 0.000663 0.000285 0.000253 8.69e-05 0.000127 0.000236 0.000412 0.000151 0.000376 0.000151 0.000294 0.000439 0.000283 0.000634 0.000118 0.00036 0.000184 0.000181 0.000195 0.000151 0.000429 0.000469 0.11306
0.0826972 0.2027166 3.69 0.83 0.000991 0.00225 0.000163 0.000324 0.000328 0.000121 0.00138 4e-04 0.000324 0.000395 0.000471 0.000628 0.000192 0.000468 0.000386 0.00011 2.83e-05 7.49e-05 3.4e-05 3.19e-05 5.54e-05 6.83e-05 8.3e-05 8.22e-05 6.34e-05 7.25e-05 7.02e-05 7.1e-05 0.00357 0.000689 0.00126 0.00103 0.000384 0.00124 0.000577 0.00116 0.000711 0.05909
0.1852296 0.4503669 5.67 0.59 0.00214 0.000327 0.000204 0.000423 0.00134 0.000519 0.00302 0.000595 0.000321 0.000299 0.000943 0.000679 0.000245 0.000333 0.000126 0.000129 2.64e-05 8.44e-05 5.86e-05 7.01e-05 9.13e-05 0.000125 6.72e-05 0.00019 7e-05 9.79e-05 8.35e-05 7.71e-05 0.000484 9.54e-05 0.000269 0.000103 0.000118 5.12e-05 5.48e-05 5.98e-05 0.00022 0.03718
0.01573872 0.1133462 2.68 0.93 0.000886 0.000434 9.23e-05 0.000252 0.000308 0.000149 0.00179 0.000445 0.000179 0.000261 0.000273 0.000383 0.000165 0.000302 0.000297 8.51e-05 0.000118 3.16e-05 2.21e-05 1.19e-05 5.13e-05 0.000106 0.000145 0.000121 6.36e-05 6.1e-05 8.52e-05 4.77e-05 0.000552 0.000156 0.000388 0.000233 0.000168 0.000171 4.49e-05 0.000211 0.000213 0.01199
0.06088897 0.1652858 5.82 1.92 0.000964 0.00113 0.000239 0.000352 0.000662 0.000355 0.000881 0.000418 0.000395 0.000299 0.000684 0.000551 0.000213 0.000763 0.000651 0.00017 0.000117 0.000103 0.000117 7.48e-05 5.14e-05 9.88e-05 0.000156 0.000231 8.22e-05 9.1e-05 0.000105 0.000131 0.00123 0.000198 0.000761 0.000363 0.000103 0.000366 8.88e-05 0.000816 0.000653 0.0547
