0.00024575 4.0766e-06 0.00017411 2.1778e-05 9.0405e-05 1.4283e-05 1.8957e-05 4.0306e-05 3.1094e-05 9.069e-06
0.13757 0.014779 0.10642 0.12763 0.067166 0.12739 0.0040658 0.13168 0.12725 0.0034147
0.17526 0.00080748 0.26722 0.39338 0.11912 0.15872 0.067464 0.18212 0.25922 0.00089976
0.094275 0.0020434 0.1818 0.19354 0.038308 0.11913 0.025574 0.11327 0.13194 0.0077457
0.00092516 3.333e-05 0.00052936 0.00027436 0.00074603 0.15124 0.00024979 0.00018579 0.00011395 3.3331e-05
0.0015014 1.1496e-05 0.0023102 0.00037533 0.00040816 2.9289e-05 0.00010065 0.00085057 0.00019089 2.7583e-05
0.075846 0.015156 0.047167 0.01738 0.020602 0.27976 0.040104 0.22559 0.12189 0.030467
5.1294e-05 9.4231e-06 4.7557e-05 2.4263e-05 3.0276e-05 0.035748 9.9288e-05 3.5513e-05 2.2581e-05 1.3202e-05
0.24282 0.71879 0.16864 0.13963 0.27313 0.084982 0.31559 0.13174 0.10329 0.021029
0.021888 0.0074302 0.01382 0.028865 0.11574 0.013809 0.016049 0.028097 0.065611 0.70341
0.033812 0.2365 0.020393 0.022782 0.083294 0.021884 0.073963 0.040665 0.052857 0.22753
0.002987 3.6631e-05 0.0023785 0.0001036 0.0074693 0.00018671 0.094147 0.0004847 4.7763e-05 0.0011662
4.5806e-05 2.3993e-05 0.0011511 0.00021792 0.0011 0.00011726 2.5438e-05 6.8476e-05 7.5622e-05 2.3658e-05
0.0044797 0.0012808 0.0031038 0.0050593 0.0034502 0.0031787 0.0031845 0.0083285 0.0029742 0.00059253
0.023232 0.00087792 0.011953 0.002309 0.020323 0.00058011 0.038645 0.0012601 0.094573 0.00066812
0.00010667 5.6246e-06 5.7676e-05 5.456e-05 8.3189e-05 2.217e-05 6.2337e-05 9.6035e-05 3.559e-05 8.8034e-06
0.00023802 9.8389e-06 0.00042874 7.6191e-05 0.00020228 3.4861e-05 0.00010162 0.00017106 5.0462e-05 2.0934e-05
0.0014031 8.6855e-06 0.1421 5.2821e-05 0.00052813 1.7854e-05 0.00017035 0.00017157 2.8572e-05 9.7605e-06
0.020361 0.00075035 0.0030653 0.0010418 0.016213 0.0016499 0.06363 0.12348 0.013029 0.0001628
0.00027929 4.8637e-06 0.00014359 0.00013222 0.00041064 0.00010606 8.4872e-05 8.5428e-05 0.00011915 7.8965e-05
0.0062082 0.00098083 0.0098261 0.057617 0.018327 0.0003039 0.033756 0.0010903 0.0012056 0.0020594
0.00026589 7.0738e-06 0.0009792 0.00015894 0.001864 8.2842e-06 0.0011218 0.0038165 6.1062e-05 8.5786e-06
0.00024959 6.3435e-06 0.00013409 3.0781e-05 5.9513e-05 2.8825e-05 3.824e-05 7.5539e-05 2.455e-05 9.0819e-06
3.9949e-05 1.3328e-06 0.00039018 1.4044e-05 0.00011435 2.6109e-05 1.1063e-05 1.0272e-05 1.3915e-05 7.9287e-06
0.11584 3.1416e-05 0.004429 0.00018682 0.0016895 6.93e-05 0.0005742 0.00061765 9.1182e-05 5.7312e-05
1.0357e-05 3.7419e-07 1.0231e-05 2.6871e-06 9.0806e-06 8.3219e-07 1.1966e-05 2.7449e-06 1.435e-06 5.2406e-07
3.376e-05 0.00010605 2.4152e-05 0.00016589 5.8684e-05 0.00010006 5.6885e-05 0.000441 4.1034e-06 5.2414e-05
0.0043608 9.5535e-05 0.0032069 0.0065753 0.0065076 0.00014643 0.21801 0.0031623 0.023927 4.437e-05
0.00053812 4.8989e-05 0.00055252 0.001168 0.00038875 0.00026744 0.00047941 0.00045166 0.00019285 0.0001624
0.0003753 2.3786e-05 0.00031281 6.9332e-05 0.00026494 6.4858e-05 0.001534 0.00010438 6.9103e-05 2.1871e-05
0.00025791 2.0705e-05 0.00022958 8.5367e-05 0.00029372 7.4358e-05 0.0001885 7.613e-05 0.00016207 2.0319e-05
0.034295 9.7322e-05 0.0068754 0.00089524 0.20183 0.0002622 0.00065437 0.0015549 0.00077456 0.0002307
0.00019514 9.0067e-06 0.00013436 7.9827e-05 0.00018071 4.9414e-05 0.00023215 0.00017677 0.00012033 2.0563e-05
