0.042218 1.9388 0.23184 0.11474 0.28788 1.0666 0.31968 0.11357 0.44348 0.84372
0.022465 0.99014 0.0041642 0.27482 0.048446 0.79816 0.2885 0.1736 0.90303 0.10511
0.46967 1.0286 0.047331 0.4769 0.147 1.4477 0.2355 0.28001 0.81314 1.5204
0.23617 2.1102 0.049907 0.44515 0.18736 1.6927 0.28462 0.6054 0.74671 1.3875
0.43279 6.3431 0.085059 0.93788 0.38785 0.69709 0.33278 1.5366 0.86179 2.6967
0.0016057 8.2673 0.00055982 0.029671 0.0078573 2.6897 0.00084483 0.022146 2.6077 3.1017
0.36847 12.728 0.13574 0.59379 0.20969 2.4566 0.35937 1.4667 2.05 1.2641
0.0014319 13.27 0.00045466 0.051193 0.014118 2.3887 0.0018534 0.011633 2.7393 1.5248
0.50457 13.035 0.042384 1.6093 1.668 1.9954 0.33885 0.12789 0.39405 0.80508
0.24637 12.514 0.013755 2.5847 0.23955 1.1994 0.59668 0.47256 1.1983 0.82361
0.03535 9.3796 0.0047303 3.7661 0.042297 1.4029 1.1295 0.27157 0.83991 1.4891
0.0072807 3.7615 0.0053979 2.5115 0.12058 1.005 1.5072 0.12316 1.5236 0.62932
0.11465 1.0572 0.016196 0.37667 0.079687 0.8663 0.34287 0.42366 0.85027 0.3718
0.85787 2.0064 0.0075089 0.48754 0.18761 3.4152 0.33536 0.40273 1.2625 0.38031
0.16375 2.4289 0.023577 0.85001 0.34818 3.3085 0.48255 0.59363 1.3972 0.19758
0.31115 3.0937 0.013976 2.0301 0.89144 1.3514 0.53892 0.17919 0.97841 0.027649
0.18129 7.408 0.01824 1.7691 0.19739 1.8147 0.70597 0.51881 1.8231 0.51236
0.28003 6.3698 0.089571 0.66721 0.2338 2.0342 0.46498 0.80831 0.47988 2.3295
0.074318 9.8185 0.026981 0.61682 0.10291 0.0010261 0.22696 0.36392 0.55476 3.0843
0.076945 4.5011 0.022966 0.56158 0.23627 2.4681 0.30746 0.82133 0.56235 1.7794
0.096137 6.064 0.031354 0.5304 0.38739 2.0801 0.17425 1.0497 0.79819 0.88703
0.10874 9.9418 0.016535 1.0236 0.028246 6.0072 0.020508 0.27579 0.72928 1.4443
0.061941 17.192 0.016137 0.63717 0.059606 2.578 0.40301 0.48499 1.1752 1.3271
0.080082 16.729 0.014106 0.3998 0.098637 3.5621 0.2984 0.74161 0.8474 0.84006
0.082373 16.613 0.021662 1.0118 0.050057 2.8725 0.42407 0.53598 1.4229 0.74898
0.017845 8.1623 0.0091135 1.0606 0.029703 2.8074 0.33502 0.18265 0.80912 1.0477
0.076876 7.699 0.0028726 0.79598 0.024177 1.2836 0.44579 0.37267 1.104 1.1116
0.19463 6.7184 0.014588 1.0138 0.29521 1.9903 2.4408 0.0085819 0.74514 1.6874
0.31276 3.2351 0.02364 2.3511 0.22322 1.4702 1.3236 0.17794 0.16853 0.7037
0.037182 0.99148 0.013176 1.4032 0.027966 1.3408 0.27137 0.39219 0.71769 0.2645
0.34769 4.6853 0.030159 2.1291 0.22216 1.7394 1.5284 0.13847 0.53669 0.48568
0.53555 2.5321 0.28259 3.3116 0.19655 0.0005171 0.47426 1.1588 0.49726 1.2912
0.062749 4.5259 0.03276 1.5425 0.035981 2.2428 0.19783 0.23555 0.64417 0.3324
0.14795 5.5362 0.091381 2.6526 0.60408 1.8904 0.65515 0.027967 0.5853 0.3132
0.086849 4.9305 0.11873 1.4258 0.23505 2.4099 1.446 0.23564 0.51698 0.33402
0.067783 4.8964 0.023315 1.1881 0.070453 2.6601 2.5217 0.49185 1.0424 0.42973
0.28757 9.295 0.24894 0.98704 0.11514 2.6927 0.75409 1.2112 1.3987 1.2932
0.19852 3.3759 0.021915 1.664 0.043085 0.0014895 0.32133 0.70265 0.87506 0.34854
0.041769 1.6841 0.04128 0.57777 0.04814 0.86369 0.054472 0.62731 0.99639 0.5946
0.99142 5.0675 0.11345 0.40467 0.26039 0.00087273 0.29366 0.68695 1.1512 0.8727
0.21834 3.8406 0.22348 0.74866 0.070235 1.5078 0.1051 0.6902 1.0737 0.89861
0.043289 6.9055 0.015481 0.70825 0.024205 2.4349 0.27596 0.61981 1.4769 0.25976
0.029547 12.269 0.11539 0.41586 0.062382 2.966 0.32094 0.48555 1.343 0.52462
0.071128 13.109 0.18892 0.52195 0.082618 1.8623 0.88257 0.35996 1.1412 0.4766
0.14101 8.5262 1.3655 0.12361 0.41842 0.77169 0.77629 0.79662 0.23319 1.9521
0.089164 2.9338 0.37738 0.22976 0.096875 0.00010015 0.4077 0.57514 0.51773 1.503
0.035878 4.4438 0.078436 0.60073 0.15634 0.9006 0.29034 0.70119 0.70188 2.3266
0.097911 12.179 0.02563 0.54277 0.048879 2.4761 0.46369 0.35036 1.0171 2.693
0.17 8.7705 0.072081 0.29192 0.92248 0.88582 3.093 0.88254 5.0082 0.31999
0.17749 10.273 0.27911 0.53879 0.14479 2.8375 0.10534 0.60375 0.94017 0.74601
0.097401 3.9623 0.39245 0.36378 0.21333 2.0681 0.98333 0.31758 0.79007 0.25307
0.22269 3.9653 0.34349 0.33952 0.24592 1.7194 0.35302 0.69526 1.0251 0.10423
0.044463 15.96 0.010159 0.41006 0.04113 2.5594 0.04692 0.47383 0.46947 1.3435
0.13626 11.248 0.025214 0.45907 0.20504 2.6923 0.23561 0.25855 0.52259 1.4984
0.073272 5.7776 0.0074688 0.57031 0.07656 2.4812 0.25675 0.3385 0.76906 0.3509
0.019723 7.401 0.010576 0.30916 0.03637 2.142 0.64473 0.32811 1.5792 0.45642
0.037789 10.172 0.032697 0.29848 0.014546 1.6522 0.5798 0.49963 1.218 0.4997
0.025133 12.096 0.0037076 0.42441 0.062747 2.9402 0.57682 0.38085 0.84525 0.78254
0.34448 9.6363 0.1736 0.016245 1.0681 3.3579 0.49292 0.055126 0.63626 0.75285
0.074882 3.8221 0.029872 0.37599 0.076734 2.3772 0.25512 0.47442 0.67459 1.0036
0.11906 9.8025 0.032422 0.29119 0.071743 3.8987 0.158 0.25608 0.25416 1.5064
0.054039 7.0974 0.052383 0.58886 0.049885 2.9049 0.27606 0.28681 0.69041 0.4877
0.082655 21.11 0.023989 0.14922 0.069904 2.0968 0.29294 0.93421 0.64997 0.54214
0.013002 19.82 0.012516 0.022379 0.071774 3.6128 0.91077 0.19839 0.52944 1.0116
0.08286 13.609 0.050165 0.31019 0.025618 3.6409 0.58561 0.28947 0.63177 0.78212
0.38246 8.1936 0.89214 0.10683 0.37454 2.0776 0.44645 0.23916 0.81302 1.4093
0.1417 5.5126 0.14063 0.39789 0.088201 2.3007 0.28565 0.6431 0.42279 1.4481
0.37403 4.4593 0.076647 0.5765 0.073911 2.907 0.23839 0.52522 0.26134 0.66564
0.23393 6.7791 0.096099 0.53392 0.16033 3.6148 0.23798 0.7917 0.63841 0.33613
0.14501 4.5991 0.15988 0.75117 0.24905 4.3476 0.42237 1.74 0.84028 0.71694
0.57961 3.1869 0.24033 0.39025 0.51235 0.00075737 0.32916 1.7942 1.0535 0.15574
0.1244 3.1207 0.1737 0.64142 0.19611 3.1081 0.31243 1.3901 1.1068 0.60185
0.09515 3.1501 0.15941 0.26763 0.12146 3.7329 0.19807 0.36382 0.56973 0.28263
2.2179 1.706 0.51635 0.091756 0.51048 2.09 0.24326 0.33486 0.33125 0.54633
0.31172 2.4738 0.023406 0.46687 0.1422 2.6412 0.25901 0.14442 0.5986 0.30813
0.10474 2.2064 0.019961 0.46214 0.020821 3.2309 0.10753 0.8332 1.0794 0.078118
0.4514 4.9504 0.16645 0.44917 0.11782 3.6199 0.29194 1.2831 1.4376 0.50706
0.037151 6.097 0.00025413 0.55015 0.018039 2.8337 0.58799 0.13077 1.0358 0.33439
0.6186 3.6474 1.3322 0.047373 1.0924 2.6998 1.0964 0.21344 0.6983 0.19598
0.18819 2.4179 0.16636 0.36957 0.095712 3.0703 0.38735 0.64768 0.65543 0.65086
0.034342 5.8163 0.042996 0.30504 0.038656 3.4747 0.37983 0.58128 0.2536 2.1071
0.093444 6.0005 0.027952 0.47167 0.15162 3.4322 0.34789 0.1405 0.24083 1.1026
0.017155 4.7258 0.041117 0.36439 0.022685 3.5424 0.099794 0.34884 0.63868 0.82898
0.29936 5.7897 0.24351 0.47959 0.29473 5.3422 0.16102 1.8076 1.2488 0.91151
4.5443 5.21 1.0729 0.021191 0.73907 0.090905 0.3385 0.076436 0.25729 1.282
0.047578 9.2567 0.021425 1.0725 0.10043 1.8514 0.43097 0.56569 1.6183 1.0323
0.30851 6.0974 0.44687 1.0917 0.41938 1.3877 0.64175 0.21127 1.1247 0.42758
0.063272 4.0255 0.098408 0.45378 0.052003 0.61395 0.33235 0.59145 0.88844 0.66824
0.19341 3.4991 0.027524 0.52247 0.23805 1.44 0.25689 0.6637 0.44035 0.39269
0.064485 7.8073 0.011194 0.7658 0.049048 3.4779 0.28019 0.41308 0.69434 0.67792
0.74883 14.715 0.73301 0.4295 0.053966 0.36813 0.34621 0.5534 1.2675 1.5224
0.37402 12.978 0.61946 0.40625 0.44657 2.3402 0.39505 0.78689 1.0865 1.5375
0.23139 10.165 0.22582 0.51479 0.053846 2.2584 0.52592 0.6605 1.336 0.38795
0.016575 15.558 0.031977 0.45445 0.043793 2.9872 0.3023 0.26421 1.0216 1.0781
0.017892 4.6963 0.021292 0.55252 0.019602 0.76883 0.4084 0.1862 1.4204 0.20783
0.071356 1.6136 0.027915 0.49905 0.20161 0.00015166 0.52945 0.096799 0.99488 0.13246
0.05829 1.478 0.10255 0.36377 0.15576 0.00029285 0.13207 0.23533 0.7545 0.4979
0.39102 2.5666 0.51551 0.24842 0.41959 2.2814 0.14768 0.46712 0.71606 0.8543
0.28164 3.1982 1.1071 0.37725 0.16207 2.4011 0.37801 1.8276 1.3949 1.3751
0.10786 9.7395 0.10393 0.48136 0.30831 3.9361 0.36277 1.2708 1.217 1.3484
0.16792 10.27 0.10567 0.38974 0.18258 2.8621 0.46771 1.3307 0.92183 1.6901
0.048668 1.898 0.0098428 0.26207 0.047833 0.97948 0.31422 0.20124 0.45401 0.17958
0.059043 3.6184 0.028871 0.64781 0.073244 1.5575 0.45787 0.43504 1.0577 0.4701
0.31716 10.368 0.38265 0.84601 0.06866 1.7752 0.29151 0.86118 1.2502 0.95878
0.48466 10.608 0.69072 1.1304 0.13866 1.1402 0.35545 0.84981 1.6461 2.5938
0.14764 13.096 0.18903 1.3628 0.09357 3.7591 0.35222 0.29652 0.51277 2.2186
0.089063 9.7177 0.33411 0.012346 0.33833 1.4783 0.26281 0.43828 0.30526 1.4743
1.1302 6.797 0.90771 0.0056996 0.47654 1.1362 0.14858 0.24544 1.2501 1.3907
0.16683 2.5725 0.05966 0.74555 0.083341 3.2454 0.29595 1.0488 2.3577 0.45625
0.10229 2.0701 0.048441 0.64281 0.17174 0.65932 0.24027 0.1786 1.0199 0.41822
0.16911 1.1491 0.011338 0.39361 0.098466 0.025964 0.23602 0.38651 0.69606 0.052499
0.21897 0.75637 0.046773 0.57314 0.38954 0.002144 0.28682 0.57478 1.2658 0.3209
0.5315 0.60863 0.46839 0.31071 0.2001 0.96513 0.13969 0.75141 1.8495 0.29329
1.4258 1.0862 0.4473 0.35486 0.23448 0.87066 0.25799 1.0187 2.5127 0.40675
0.064832 2.917 0.098998 0.27521 0.11117 1.4419 0.22992 0.97872 1.1798 1.2999
0.13522 2.9167 0.033468 0.49278 0.059023 1.5757 0.18102 0.68616 1.5516 1.3486
0.44857 4.0112 0.08543 0.8742 0.16239 3.097 0.26128 0.82661 2.1076 1.901
0.38355 5.4755 0.51161 0.36485 0.60975 1.9956 0.69637 1.0849 1.7139 1.2504
2.8085 3.5308 0.35789 0.069939 0.73948 0.61329 0.57813 0.65513 2.0425 0.20808
0.39992 4.6844 0.27146 0.70741 0.61171 1.9777 0.44858 1.0488 2.0042 0.084901
0.49388 7.3668 0.3944 0.83312 0.88596 3.0091 0.56934 0.44364 1.0138 0.47208
0.15018 1.4296 0.027681 0.40055 0.18359 0.8996 0.19084 0.89235 0.36246 1.7499
0.21794 0.33163 0.22465 0.74361 0.014187 1.5338 0.25614 0.59713 1.1211 0.64685
2.1302 0.0089397 3.5072 0.48711 0.15437 0.0003412 0.20887 0.0029446 0.0069962 0.0026933
0.036886 1.8108 0.21729 0.61452 0.03752 2.8106 0.20332 0.49808 0.67083 1.0853
0.022016 4.7505 0.0036447 0.9389 0.04871 3.4762 0.28818 0.18387 0.53994 0.83557
0.055835 4.8092 0.77467 0.85438 0.1149 1.1206 0.22409 0.060845 0.24952 3.7482
0.1075 1.3757 0.05575 0.003172 0.042722 0.00016255 0.080547 0.41332 0.10915 9.3704
0.043648 2.8941 0.079145 0.015964 0.031507 1.0369 0.080199 0.22317 0.25468 1.9056
0.0041776 2.065 0.0097833 0.087265 0.013099 1.3312 0.056645 0.15794 0.11926 1.8448
0.021743 1.2868 0.29252 0.27196 0.059943 1.0653 0.17532 0.25208 0.45321 0.41633
0.12717 0.40331 0.98127 0.21416 0.12995 0.0021009 0.20373 0.76731 0.64748 0.28388
0.027925 0.77022 0.043353 0.17474 0.079838 0.00041589 0.12814 0.48839 0.75333 0.47704
0.16237 0.88326 1.3057 1.0083 0.18925 0.35181 0.082142 1.0464 0.95871 1.1267
0.028189 1.3765 0.34413 0.42702 0.12912 1.231 0.36534 0.15573 0.98436 0.35108
0.31255 1.1437 0.59609 1.1189 0.28117 0.36522 0.45291 0.82847 1.5906 1.4628
0.57196 4.6797 1.1495 1.7631 0.13268 0.28549 0.41895 0.60009 1.4098 1.6496
0.25065 7.319 0.24053 1.2929 0.28827 2.3664 0.40598 0.16268 0.31701 1.426
0.057404 7.3994 0.93729 1.3632 0.087928 0.88714 0.44834 0.4017 0.92063 1.6343
0.22478 3.8939 0.72882 0.75959 0.24385 0.0017667 0.19661 0.32227 0.39109 0.38839
0.015054 1.8363 0.061864 0.41279 0.022635 1.3801 0.29074 0.13919 0.49852 0.47834
0.012094 1.0585 0.021135 0.26629 0.013697 0.71105 0.26384 0.13018 0.48581 0.077631
0.014812 1.4108 0.0054653 0.21223 0.016319 0.0007421 0.22326 0.18098 0.66032 0.22702
0.069403 1.1948 0.016238 0.69899 0.041004 2.1365 0.18586 0.42747 1.0188 1.8901
0.23819 1.0973 0.017265 2.0789 0.077242 1.5435 0.01163 0.48151 1.5635 2.5197
0.067079 2.6136 0.027888 1.1261 0.031228 1.9811 0.60453 0.077811 1.231 0.73012
0.11106 3.3016 0.032412 2.3407 0.13372 1.7331 0.533 0.65545 1.6474 1.3442
0.021963 4.1035 0.0088373 1.923 0.035248 2.1352 0.59804 0.2327 1.1665 1.1138
0.039597 4.1642 0.16361 1.9438 0.050921 2.1688 0.31714 0.12475 0.76358 0.33617
0.058753 1.5975 0.9013 0.84047 0.17139 1.2683 0.23901 1.009 1.3341 0.45952
0.23545 0.63635 0.13602 1.5953 0.15327 2.7535 0.69809 1.0612 1.9576 1.0655
1.5703 0.40231 0.13356 1.458 0.23451 0.62639 0.32683 0.60832 1.4796 0.97317
0.067989 1.6416 0.056198 1.5821 0.064404 0.60395 0.38989 1.0135 3.0768 1.1618
0.23068 3.3011 1.5551 1.158 0.59714 1.412 0.57126 1.3172 2.4813 1.4083
0.43617 3.686 0.14165 1.793 0.13051 0.8749 0.31735 0.39326 1.3333 3.6003
0.28237 1.3886 0.73284 0.68979 0.32308 2.1144 0.23256 1.2834 1.9714 2.7057
0.25738 0.69927 0.041725 2.0715 0.127 3.0637 0.24722 0.51943 1.2339 3.1402
0.18048 2.1759 0.078385 1.6157 0.082262 2.9222 0.24264 1.7857 1.5382 2.632
0.07317 3.6953 0.32949 1.89 0.087233 0.093278 0.49891 0.97841 1.6635 1.4621
0.13434 9.3947 0.044931 2.5703 0.085208 3.6278 0.61918 0.4384 1.6769 5.067
0.37424 11.154 0.17679 2.3102 0.59813 2.6833 0.46541 0.92692 1.2178 4.6551
1.1219 9.5019 0.26408 2.6127 0.08351 3.0787 0.33302 0.98279 1.5788 3.373
0.00086799 10.545 0.00032129 0.26519 0.0044257 2.4647 0.00049136 0.0079252 3.8802 4.7747
0.011433 2.0546 0.018374 0.79657 0.094378 1.5256 0.28328 0.23307 0.74012 1.7449
0.057217 0.049784 0.079599 0.74103 0.096805 1.828 0.23316 0.96237 1.8351 2.4864
0.0032652 0.49968 0.00088548 0.3807 0.033107 2.0211 0.0043097 0.05147 2.4336 0.97629
0.0025713 0.70861 0.00077121 1.2949 0.015582 1.8087 0.0020903 0.026761 1.8005 1.7812
0.0028018 2.926 0.00083325 0.20906 0.020625 3.6155 0.0022757 0.043152 1.5095 1.4089
0.0034943 1.7528 0.00091793 0.10782 0.07557 2.5459 0.0061009 0.047686 1.433 0.37345
0.0023464 1.249 0.00071078 0.14121 0.012395 2.876 0.0014209 0.043889 3.3439 2.1548
0.015767 1.7867 0.062634 0.11208 0.050898 0.80042 0.18493 0.35026 0.4229 1.7821
0.056873 3.3937 0.013286 0.15609 0.27987 0.0013348 0.31764 1.0298 0.0086908 4.0253
0.057971 1.7699 0.036459 0.6982 0.27958 0.27986 0.24386 1.6532 0.0018301 0.71233
0.046742 1.6 0.13752 0.20541 0.047381 0.82021 0.060835 0.19534 0.13321 1.0353
0.75882 2.2822 0.54311 0.33546 0.146 3.1545 0.25885 0.49769 0.57802 6.2314
0.061223 2.5026 0.019348 0.70622 0.033033 3.3075 0.13346 0.33613 1.1561 5.6445
0.060058 2.9132 0.37854 0.84093 0.13019 3.0249 0.21559 0.66124 1.0253 2.3197
0.075217 3.6751 0.26837 0.92879 0.051667 2.6418 0.21461 0.16547 0.50178 0.75997
0.022726 7.7826 0.022453 1.1996 0.034693 3.1729 0.2842 0.15624 0.56241 1.3329
0.17615 1.0206 0.098824 0.3826 0.083777 1.2784 0.1623 0.53614 0.4406 1.4454
0.4512 4.2252 0.010049 0.34894 0.21909 1.1771 0.21014 0.47599 0.14463 1.5942
0.077141 0.37768 0.052612 0.63209 0.11881 1.1143 0.15893 0.71301 0.9193 3.2028
0.6736 1.267 0.4525 1.4182 0.10393 0.30163 0.2216 1.7971 1.763 5.5446
0.23337 5.8203 0.20209 1.4991 0.12953 1.179 0.37348 1.6447 0.65458 9.3271
0.037178 2.5672 0.026105 0.32161 0.035153 1.4742 0.1696 0.36066 0.14242 2.9905
0.14087 1.8736 0.027257 0.21049 0.19506 0.8646 0.011144 0.41782 0.18525 3.733
0.083879 2.2906 0.041855 0.25851 0.046825 1.314 0.14051 0.28548 0.3295 2.7944
0.013164 2.3644 0.0010052 0.31215 0.02248 1.7384 0.12158 0.072235 0.065178 2.103
0.057005 3.472 0.015039 0.18399 0.054543 1.1134 0.13014 0.44925 0.17124 5.1854
0.25561 1.9194 0.30758 0.48646 0.063901 0.001821 0.15677 0.69198 0.77641 2.8187
0.060373 1.2575 0.030939 0.38979 0.082649 0.81397 0.15197 0.45693 0.73782 2.9524
0.37221 0.421 0.029241 0.64778 0.43996 0.3389 0.18066 1.2103 1.5802 1.1331
0.72232 0.25964 0.072017 0.92129 0.27501 0.62292 0.29862 1.0704 1.1349 2.0614
0.015731 2.4433 0.0030968 0.55693 0.03312 2.7795 0.1591 0.13611 0.26073 1.8674
0.0036187 2.488 0.0010117 0.2135 0.070938 0.0034546 0.23908 0.08681 0.28376 2.3846
0.018901 0.52579 0.015338 0.58284 0.023909 1.0937 0.095893 0.12382 0.26509 2.5038
0.028661 1.4277 0.0059724 1.236 0.042889 1.9902 0.16944 0.11716 0.39191 2.7941
0.013465 1.6078 0.0067195 0.31358 0.021048 1.3339 0.13315 0.10966 0.34045 3.5696
0.023919 1.3973 0.013261 0.25034 0.061556 0.24471 1.0679 0.82521 2.2924 2.6947
0.03713 1.2482 0.011378 0.32968 0.14871 1.3391 0.1459 0.36824 0.77821 2.7945
0.033156 1.2345 0.021163 0.29658 0.079637 0.0003945 0.19234 0.12969 0.4995 1.8068
0.0087553 1.5535 0.024513 0.6491 0.10876 0.3812 0.095526 0.12313 0.63382 2.0135
0.025807 2.9505 0.012654 0.91007 0.034186 1.7656 0.10954 0.19688 0.52351 3.3956
0.11493 1.2431 0.045756 1.684 0.26891 0.73031 0.14366 0.51384 1.6136 3.7266
0.10067 1.6026 0.10673 0.71632 0.39818 0.97351 0.33838 0.40078 1.1637 9.9472
0.13152 2.1018 0.095335 1.1234 0.34398 1.9918 0.20911 0.64763 2.1062 8.6951
0.253 1.675 0.11285 1.4216 0.34436 1.5346 0.28563 0.23436 1.1806 4.1067
0.16685 2.0699 0.20619 1.3768 0.044367 2.306 0.2752 0.24462 0.39148 8.0662
0.045808 4.3945 0.067723 0.16503 0.31796 1.6418 0.16735 0.00062148 0.26746 10.099
0.097142 2.7559 0.13728 0.77974 0.15287 1.1424 0.14387 0.24766 0.67617 3.5237
0.20523 1.3922 1.0322 0.67888 0.03692 1.1973 0.20951 0.50402 0.42423 2.7259
0.95238 0.043308 0.58452 1.2873 5.4531 0.00028526 0.15977 0.6208 0.66719 1.8909
0.21562 0.58688 0.20614 1.5392 0.43992 0.28363 0.26922 1.4035 1.9803 3.0187
0.18967 1.2907 0.35319 0.4609 0.50583 1.9776 0.14683 0.65075 1.896 4.9959
0.14152 0.43841 0.13486 0.64454 0.14423 2.0917 0.062326 0.23761 0.42826 3.745
0.21297 0.76606 0.27022 0.80001 0.10272 2.2254 0.078332 0.34507 0.80779 3.3151
0.024306 3.0861 0.69078 0.062403 0.25288 0.96792 0.25003 0.10518 0.35793 3.1195
0.077977 1.4749 0.021589 0.58752 0.14309 1.7079 0.21338 0.95436 1.5631 2.1534
0.037082 1.5744 0.11347 0.42789 0.075547 1.7983 0.15404 0.41376 0.75717 3.8159
0.18988 2.642 0.082821 0.39672 0.2951 1.0002 0.17077 0.50925 1.8265 5.0544
0.30328 3.6454 0.29559 0.64752 0.27973 1.4445 0.11958 0.92449 0.49567 9.5594
0.06483 4.4411 0.055146 0.3259 0.15139 2.3234 0.1354 0.20869 0.00070731 10.768
0.098832 5.7568 0.11581 0.63005 0.043944 2.5963 0.1242 0.015258 0.31064 4.7982
0.1143 2.5605 0.74898 0.18082 0.44841 1.1042 0.14608 0.16949 0.89579 3.0203
0.038821 0.66039 0.011041 0.84688 0.045201 1.8955 0.029301 0.41007 1.0243 1.5608
0.15188 4.3027 0.084569 0.799 0.13476 2.3896 0.20559 0.38377 0.28682 4.4171
0.069197 6.7142 0.045483 0.69443 0.09251 1.9758 0.17747 0.4506 0.5904 0.22863
0.70994 1.6633 0.46599 0.79695 0.27558 1.2052 0.097814 0.30024 1.0146 4.8504
0.1409 0.65884 0.055873 0.79518 0.068244 0.85545 0.16597 0.30483 0.82198 1.9426
0.02307 1.463 0.049666 1.0159 0.041124 1.9943 0.20783 0.19537 0.82076 1.7902
0.10714 3.4191 0.14265 1.8859 0.16666 1.4846 0.25607 0.50398 1.4064 1.4097
0.2076 5.0135 0.033771 1.5447 0.25706 0.38892 0.22888 2.9888 1.3959 10.667
0.04963 1.8091 0.032483 0.19853 0.10491 1.3584 0.12597 1.2946 0.035594 3.3288
0.030415 0.90819 0.025532 0.39684 0.10081 0.45823 0.13757 1.0467 0.13268 1.3642
0.017936 1.7906 0.027501 0.26465 0.057437 0.83054 0.1016 0.33293 0.3641 3.8976
0.093784 1.4986 0.052985 0.63013 0.097174 3.2245 0.20557 0.47871 0.68982 4.4492
0.29248 0.87018 0.018482 0.42088 0.45907 1.6239 0.075988 0.074542 0.18866 3.8888
0.079801 1.9146 0.017231 0.60542 0.16104 1.2997 0.2069 0.93972 0.74414 4.5915
0.09165 0.058338 0.010163 0.95403 0.066562 1.9856 0.11259 0.257 1.581 1.1652
0.15991 1.2835 0.053922 1.3089 0.034697 0.8657 0.1745 0.35723 2.0614 3.5782
0.11844 2.007 0.080994 1.0936 0.19413 2.5772 0.22824 1.0411 1.6466 8.9368
0.59726 2.5675 0.21477 0.36118 0.453 2.3366 0.14969 0.32935 0.40589 4.446
0.013851 2.7178 0.0066983 0.42162 0.051184 2.9374 0.30029 0.12614 0.7727 2.3174
0.012887 3.67 0.017321 0.064727 0.021265 0.80119 0.12722 0.047526 0.017373 3.2353
0.04326 1.3954 0.63778 0.029232 0.065705 0.79537 0.13373 0.20261 0.48995 3.7292
0.048817 0.598 0.0096405 0.3148 0.064222 1.2075 0.40034 0.33684 0.59213 0.94395
0.077654 1.1204 0.033925 0.45256 0.043857 2.0448 0.27358 0.5517 1.23 2.2634
0.1411 1.3084 0.78608 0.39084 0.17549 1.3474 0.20952 0.41226 0.97178 2.391
0.41078 1.731 1.0765 0.43463 0.085382 1.6298 0.2821 0.26485 0.41916 2.5014
0.41956 0.95566 0.05692 0.68648 0.27675 0.002989 0.15247 0.2356 0.70925 1.114
0.019973 1.5632 0.0097715 0.41853 0.20208 1.0624 0.2201 0.98016 0.53252 2.5248
0.023877 1.2652 0.0050343 0.6781 0.035961 1.1271 0.17094 0.19319 0.95565 3.1488
0.024228 2.6895 0.056507 0.78824 0.024727 1.958 0.12133 0.089032 0.28988 1.2364
0.0095092 3.493 0.23665 0.1572 0.082856 1.1547 0.1914 0.14746 0.081819 3.2323
0.055999 4.6723 0.0070654 0.19189 0.026243 0.00028645 0.1267 0.17306 0.20562 3.4478
0.80555 2.9465 0.021672 0.43899 0.17528 1.0686 0.25867 0.45426 0.96295 3.3028
0.1913 1.8062 0.050638 0.69204 0.11986 0.91169 0.22698 0.27637 1.1499 3.5735
0.082363 3.6634 0.010161 0.66175 0.037866 1.1593 0.28826 0.16668 0.73806 2.1107
0.052053 4.5448 0.23018 0.32807 0.11919 0.0018064 0.11073 0.20358 0.25117 4.6458
0.0046875 2.4142 0.0012521 0.15462 0.023297 0.001 0.13618 0.066773 0.28254 2.129
0.042793 0.84837 0.01472 0.27012 0.029003 0.96751 0.21284 0.37262 0.56808 2.4069
0.2306 0.90388 1.2532 0.96266 0.16807 0.64762 0.22793 0.90292 1.3915 3.746
0.040636 1.2105 0.00021233 0.96216 0.066141 2.2578 0.26901 0.51204 0.75692 3.2305
0.023107 1.6441 0.093675 0.73246 0.063571 3.7152 0.31542 0.065531 0.14982 3.9517
0.024475 1.1202 0.00093356 0.31446 0.0076766 0.63988 0.33493 0.012821 0.20473 2.0544
0.047368 2.1526 0.16612 0.29516 0.22987 1.2075 0.12877 0.092232 0.54936 3.4009
0.23203 2.2541 1.6678 0.58066 0.16079 1.3524 0.28653 0.262 0.57047 3.7335
0.013859 3.7607 2.5218 0.67721 0.13184 1.5005 0.36275 0.2161 0.28692 1.3508
0.048722 4.0414 0.46939 0.77548 0.053711 2.4211 0.3852 0.27666 0.45522 2.23
0.0096706 2.5103 0.00066869 0.76682 0.016063 1.8331 0.33013 0.095622 0.67932 0.46529
0.017471 1.9702 0.050578 0.18016 0.024079 0.70316 0.30054 0.012556 0.15799 0.75312
0.06806 1.7006 0.14849 0.30322 0.080535 1.1089 0.23697 0.13633 0.45539 2.9476
0.073542 2.399 0.087573 0.70046 0.047979 1.5169 0.54052 0.12684 0.46077 2.9356
0.04262 4.6829 0.19184 0.2997 0.30461 1.3598 0.20016 0.96834 0.22775 7.464
0.3489 8.1046 0.2876 0.39236 0.0004657 2.1052 0.20774 0.30526 0.31149 4.0743
0.01788 4.3309 0.22531 0.29866 0.10894 2.6318 0.533 0.12849 0.34432 3.4155
0.034431 2.7894 0.028276 0.21691 0.15556 1.1229 0.22237 0.50252 0.63669 5.3516
0.037337 5.1934 0.011728 0.18117 0.066572 1.1261 0.031186 0.58469 0.15904 3.2463
0.050185 10.34 0.020725 0.18252 0.081559 2.2268 0.083572 0.26152 0.19102 6.0413
0.090084 9.7413 0.03344 0.081823 0.10403 2.2499 0.22711 0.42678 0.16665 7.9894
0.09579 6.181 0.028189 0.17444 0.11693 1.7441 0.084263 0.63909 0.04525 7.823
0.078095 7.4156 0.12135 0.094853 0.38392 2.4097 0.10178 0.62388 0.61437 6.6678
0.084453 2.8233 0.10966 0.086176 0.59087 1.997 0.21747 0.14487 1.2052 4.2121
0.38808 1.0413 0.17273 0.33252 0.068132 1.2729 0.232 0.57745 1.3449 2.5256
0.25766 0.75163 2.5601 0.49462 0.088382 1.0518 0.46508 0.056088 0.42784 0.98489
0.0015739 2.8898 0.00062373 1.0995 0.0052244 2.0968 0.00045511 0.014915 1.3989 5.4641
0.0042556 2.0925 0.0012068 0.035296 0.021476 0.84269 0.0015026 0.10144 0.80026 2.4322
0.05324 3.7052 0.034506 0.38855 0.22124 2.4499 0.17571 0.41302 0.54151 5.6879
0.34986 4.7877 1.3097 0.20873 0.01914 1.1402 0.13074 0.32949 0.32008 6.6921
0.06995 8.1762 0.016389 0.67183 0.064981 4.0903 0.29621 0.75004 0.43177 4.3252
0.049567 3.525 0.048348 0.58882 0.18194 2.165 0.26662 0.88063 0.63538 5.4974
1.072 0.99986 0.030614 0.68919 0.093665 3.7399 0.44911 0.40438 0.44586 3.8263
0.041482 1.6759 0.0087827 0.43885 0.065502 1.975 0.81479 0.40552 0.58641 2.6657
0.068923 3.0625 0.14501 0.56862 0.064536 2.2149 0.73943 0.74541 0.53809 2.882
0.044482 4.1147 0.97898 0.050024 0.33399 1.3296 0.33755 0.32368 0.4576 6.0465
0.05118 4.2644 0.027782 0.28644 0.24457 0.43595 0.19512 0.55221 0.86074 3.3817
0.059771 1.8567 0.025044 0.62275 0.23694 0.68735 0.37424 1.0968 1.4721 5.1762
0.047936 3.1178 0.19618 0.40927 0.12027 0.51754 0.45609 1.3864 1.2036 8.7965
0.050906 3.5884 0.00018032 0.56866 0.042249 1.6871 0.38828 0.20044 0.62303 11.507
0.052971 4.0036 0.0078457 0.79094 0.093355 2.1892 0.58576 0.10935 0.69013 9.5941
0.020039 4.9147 0.41836 0.43637 0.12698 1.868 0.3452 0.24397 0.38607 2.711
0.034338 4.3323 0.040222 0.69359 0.070111 1.1813 0.20697 0.52278 0.65815 5.7301
0.054302 4.7399 0.018467 0.343 0.0323 2.0877 0.38241 0.32612 0.33994 5.5499
0.053763 5.7169 0.039938 0.70657 0.081778 2.4717 0.65058 0.27084 0.78952 5.4791
0.028729 7.3662 0.12802 0.3413 0.16847 1.8909 0.57443 0.24037 0.95726 4.5584
0.094322 13.543 0.016964 0.36 0.42996 1.7872 0.39088 0.92443 0.45234 7.6615
0.076539 5.6439 0.30379 0.33093 0.12195 2.0585 0.3684 0.14331 0.61326 3.3269
0.015513 7.092 0.89039 0.50358 0.030716 0.98016 0.34178 0.19458 0.45478 0.57922
0.0083462 6.3287 0.11264 0.59182 0.032844 0.82528 0.53965 0.032008 0.71136 0.38573
0.029683 4.0898 0.071014 1.2168 0.096196 0.86054 0.36259 0.26766 1.2443 0.53021
0.064347 4.8699 0.063391 1.7478 0.23 1.2802 0.39974 0.11734 1.5276 0.85061
0.10096 3.7704 0.031119 1.7094 0.25278 1.7838 0.39324 0.22276 1.7583 0.41743
0.033618 6.0865 0.06277 0.13401 0.159 0.94723 0.23667 0.60053 0.055463 7.0181
0.019489 3.6303 0.00896 0.2984 0.01854 1.6116 0.11473 0.24744 0.12032 2.6485
0.048365 1.9058 0.0088842 0.22894 0.074508 1.3808 0.1495 0.25769 0.45755 2.1362
0.030989 3.7914 0.00037443 0.24912 0.028901 1.7839 0.45432 0.22274 0.53302 2.8119
0.02351 4.0952 0.20361 0.53678 0.10364 2.3825 0.40222 0.25621 0.55045 1.6046
0.039862 0.50519 0.029466 0.25891 0.13241 0.63732 0.85112 0.32444 1.0587 0.15364
0.063011 0.72893 0.16398 0.33726 0.030236 0.56423 1.1696 0.80386 0.70081 1.4219
0.028545 6.044 0.0026757 0.6352 0.038094 2.1303 0.64923 0.0054818 0.091139 2.591
0.0087301 2.351 0.10458 0.23831 0.061889 0.68861 0.24252 0.090773 0.1449 1.4697
0.10199 4.9222 0.19817 0.30935 0.1437 1.7706 0.18451 0.75849 1.5861 2.9845
0.16324 4.6847 0.15006 0.43903 0.088195 2.827 0.5646 0.23452 0.78159 1.6151
0.033951 5.7364 0.0037502 1.0706 0.040482 3.7112 0.22868 0.39561 0.4429 4.4606
0.25974 1.8569 0.235 0.49881 0.075024 3.0936 0.41317 1.1901 0.95884 1.5269
0.055806 5.3223 0.011827 0.66237 0.051449 4.2162 0.56551 0.56462 0.66288 2.1695
0.12001 5.2732 0.28984 0.86454 0.14552 2.1927 0.68179 0.22145 1.0273 1.8515
0.036377 3.6214 0.12477 0.9159 0.038698 1.9916 0.6266 0.1893 0.29075 0.73162
0.046738 1.8837 0.20343 0.74519 0.11205 1.5225 0.75214 0.23338 0.58607 0.34997
0.0545 3.6572 0.23386 1.2129 0.050449 2.0513 0.58265 0.14414 0.23028 0.39998
0.0030263 0.62628 0.026719 0.23297 0.014892 1.6578 0.25515 0.18325 0.38035 0.20467
0.024097 1.9124 0.0062154 0.58194 0.045202 1.9426 0.52294 0.50968 0.78755 0.34106
0.017552 6.3351 0.0038543 0.77424 0.017427 1.8351 0.62194 0.041864 0.35581 0.52982
0.012795 4.0389 0.022196 0.68662 0.35391 0.75404 0.62171 0.3793 0.3502 0.77699
0.020524 2.9151 0.0055535 0.15983 0.022598 0.00055296 0.2926 0.29243 0.3531 0.47418
0.051619 1.4441 0.035081 0.70402 0.088995 2.661 0.053766 0.76537 0.93667 0.35481
0.059424 2.5569 0.14847 0.47949 0.055948 2.2795 0.52017 0.25361 0.85716 0.65765
0.064259 3.9439 0.10749 0.5742 0.17589 3.0018 0.48753 0.34758 0.41653 1.3601
0.13474 2.5474 0.0062661 0.27284 0.15153 0.78492 0.18861 1.065 0.15191 3.0811
0.055557 1.83 0.035269 0.10458 0.43434 1.1007 0.15198 0.62686 1.2091 3.2796
0.08789 1.3541 0.039133 0.64661 0.08129 2.2016 0.46818 0.41494 0.5692 0.94458
0.070456 2.442 0.092997 0.49987 0.059297 2.7644 0.4673 0.80997 0.70602 1.1402
0.05859 2.0394 0.031297 0.38618 0.037788 0.93948 0.18766 0.54375 0.50106 1.6501
0.036384 6.21 0.0040937 0.28637 0.070117 2.5653 0.2771 0.16062 0.49513 2.4217
0.098731 6.2358 0.57402 1.2898 0.34907 1.5775 0.43447 0.32459 1.8778 0.64627
0.053478 6.4058 0.14053 0.75369 0.2255 1.7772 0.42934 0.84115 0.46438 2.885
0.059203 10.206 0.040501 0.66052 0.069475 1.7907 0.30246 0.21249 0.27145 0.92497
0.047304 2.1693 0.032721 0.48666 0.064447 2.1306 0.17937 0.67581 0.98097 2.1368
0.023661 5.353 0.22303 0.52443 0.07788 3.028 0.30147 0.24319 0.66132 2.8124
0.11872 2.6559 0.28271 0.50759 0.045244 1.7383 0.25495 0.33031 0.59023 1.4542
0.0014538 5.8049 0.00048441 0.059614 0.0073621 1.6957 0.00076874 0.020504 4.5101 3.4834
0.043307 6.375 0.026747 0.73416 0.049132 2.0272 0.28665 0.41444 1.4816 2.9601
0.17885 7.3528 0.082961 0.72184 0.5685 1.9052 0.37072 0.29876 1.2216 0.7732
0.070447 2.1073 0.080857 0.80792 0.3913 2.2749 0.38144 0.3364 1.5295 0.041872
0.10406 7.7027 0.0011803 0.63733 0.24949 3.3416 0.3953 0.090537 0.65615 0.32877
0.12864 6.3067 1.4851 0.64346 0.36691 3.1999 0.5231 0.27256 1.2764 0.26681
0.090351 5.4852 0.14947 1.3566 0.38712 2.8617 0.39872 0.34843 1.6791 0.31336
0.081146 2.9413 0.021989 1.1627 0.16368 1.1974 0.18881 0.57085 0.22601 1.9689
0.029574 7.3895 0.0097744 0.28315 0.22477 1.542 0.21076 0.97705 0.30683 2.8606
0.088275 10.678 0.058827 0.21984 0.029399 2.5908 0.19793 0.83368 0.43105 4.5229
0.028157 7.1414 0.019247 0.83884 0.034178 5.6233 0.30208 0.35036 0.96603 0.93223
0.040424 8.6252 0.01562 2.8728 0.08235 2.441 0.33602 0.32289 0.70238 1.212
0.034472 5.1328 0.028588 0.80801 0.04169 2.7855 0.21379 0.15559 0.70479 0.95802
0.024365 3.2811 0.18625 0.93316 0.04492 1.6892 0.24153 0.07832 0.23834 0.96885
0.070955 1.6333 0.070074 0.29678 0.20002 1.9646 0.23602 0.48845 0.59565 0.43946
0.050661 2.6964 0.072677 0.32104 0.021193 2.0969 0.20528 0.44405 0.48272 0.21608
0.012791 0.88353 0.010268 0.15257 0.0046683 0.9958 0.19743 0.25845 0.54319 0.083854
0.02096 0.70684 0.0047306 0.30297 0.046277 2.27 0.2428 0.29737 0.64449 0.15627
0.058815 1.9495 0.021973 0.6465 0.11806 1.0217 0.34036 0.80905 1.0538 0.32463
0.056645 2.4891 0.55321 2.8418 0.053716 0.00085443 0.26129 0.80308 0.96166 0.86712
0.060636 5.5049 0.087369 1.5658 0.021533 3.0453 0.25674 0.29385 0.79414 0.51272
0.033681 9.4184 0.061104 3.4708 0.042029 3.5168 0.25735 0.19868 0.77354 0.7512
0.031147 11.236 0.01727 1.365 0.01496 4.5909 0.36443 0.19059 0.99913 0.83447
0.046021 14.723 0.035412 0.98651 0.095345 4.3907 0.3903 0.27367 1.4447 0.80219
0.11457 20.777 0.44694 1.5651 0.060288 2.9967 0.38509 0.37912 1.8371 1.1135
0.031671 16.905 0.019428 0.63766 0.032699 3.7203 0.48197 0.33412 1.7953 0.64686
0.032106 7.557 0.039083 0.61848 0.024477 3.4119 0.27254 0.42703 0.8739 0.39238
0.050052 4.3117 0.19066 1.0828 0.063433 1.3206 0.2927 0.8021 1.179 0.047722
0.15269 4.6487 0.28596 0.62254 0.36541 1.75 0.029686 0.60355 0.54086 0.59953
0.12961 3.6433 0.34744 0.8166 1.4532 1.9263 0.33069 0.75116 0.83445 0.32662
0.049312 3.5781 0.021596 0.72152 0.17518 2.689 0.27277 1.8102 0.7872 0.77839
0.025605 5.3984 0.11755 0.93712 0.040003 3.378 0.56154 0.2738 0.71498 1.0436
0.0048128 0.10743 0.011617 0.044253 0.15397 3.417 7.4113 0.48004 0.020389 0.40727
0.021646 0.19913 0.093994 0.029619 0.002571 1.7601 12.889 1.4273 0.46907 0.36543
0.032166 2.9677 0.094962 2.2729 0.42563 1.649 6.0857 2.5059 0.83315 0.0099687
0.072344 10.162 0.034854 2.8053 0.025626 1.4666 1.3776 0.41731 0.39792 0.42346
0.063825 6.2384 0.065158 4.229 0.022505 0.4672 0.4935 0.4519 1.6888 0.44697
0.090117 13.307 0.037086 3.7784 0.097347 1.6711 0.8582 0.71974 1.3536 0.86004
0.17284 13.399 0.012605 1.2062 0.13351 2.3121 1.1988 0.52448 1.6262 0.29949
0.059454 14.233 0.069572 0.92086 0.081419 2.201 0.53231 0.72478 0.61725 3.4846
0.073462 10.438 0.013312 0.61017 0.050375 1.8535 0.21742 0.62994 0.45117 3.4513
0.084702 13.823 0.0026102 0.59996 0.049427 4.9971 0.20906 0.64004 0.39732 1.8127
0.10391 12.052 0.043057 0.22936 0.15839 6.5163 0.34476 0.51055 0.55147 0.94356
0.08839 16.375 0.0035385 0.97716 0.11922 3.7081 0.27715 0.94885 0.68587 0.86271
0.0977 18.873 0.028845 0.47733 0.15398 4.0663 0.58987 1.1888 1.1167 0.43494
0.085084 26.772 0.019703 0.39844 0.095312 3.439 0.32536 1.2257 0.79174 1.1705
0.20808 14.735 0.041865 0.33569 0.055545 3.9353 0.44963 0.40309 0.84173 1.7465
0.12406 1.9963 0.11613 0.20545 0.083493 1.9729 0.24175 0.83119 0.56695 0.28268
0.25851 4.0214 0.070198 0.4358 0.11251 2.4278 0.38781 1.6622 0.63079 0.50636
0.23017 3.9176 0.023177 0.57447 0.0094672 2.3787 0.58345 0.7974 0.45762 0.40404
0.10057 3.9119 0.040593 0.51555 0.16636 1.7104 1.1168 0.81795 0.53762 0.34211
0.19958 3.6921 0.60619 0.011895 0.17974 1.8937 1.2518 1.2894 0.90455 0.25217
0.032154 4.5065 0.0073446 0.38039 0.20768 2.0305 0.32483 0.93681 0.76062 0.58591
0.1524 5.3212 0.015225 0.4084 0.20544 2.8148 0.29071 1.6434 0.75099 0.64096
0.086048 13.534 0.29023 0.16316 0.072033 4.9517 0.32194 0.66621 0.84212 1.3219
0.044811 8.9802 0.48608 0.087002 0.06886 3.9609 0.33848 0.81568 0.43936 0.52999
0.03426 8.5763 0.38033 0.4461 0.044598 3.399 0.70368 0.17722 0.47563 0.41075
0.03114 5.9943 0.1366 0.42572 0.048887 2.7086 0.96726 0.054659 0.21898 0.30186
0.054301 1.9669 0.14831 0.51456 0.31613 0.9026 0.84172 1.026 0.76012 0.1469
0.16596 1.9898 0.30587 0.32015 0.62788 2.4162 0.30348 2.466 0.605 0.37764
0.024016 4.7878 0.037121 0.31044 0.06216 1.5835 2.6067 0.65742 1.288 0.65559
0.074099 6.8379 0.28298 0.13253 0.31434 1.5667 3.7634 1.3894 0.61134 0.30699
0.031141 11.306 0.011281 0.3704 0.031132 3.8088 1.6984 0.98304 0.87177 0.86455
0.048118 19.417 0.034138 0.35382 0.037325 4.4162 0.9234 0.36014 0.72413 1.2999
0.12673 17.829 0.38831 0.028077 0.10951 5.4232 0.71292 0.77857 1.2078 0.98669
0.035717 8.2973 0.043983 0.32689 0.076764 2.7438 0.40519 0.49755 0.44382 1.2739
0.036408 4.4447 0.016476 0.16873 0.042994 1.7385 0.26384 0.20978 0.39542 0.46455
0.057315 6.5235 0.0056058 0.25216 0.052796 1.5716 0.24874 0.73091 0.55918 0.61764
0.019679 14.102 0.016686 0.20326 0.047585 4.1037 0.29554 1.41 0.81402 0.60397
0.096773 20.147 0.46897 0.41786 0.040611 2.8697 0.54435 0.66964 1.0506 1.8339
0.085362 9.2161 0.035262 0.55795 0.05388 2.5316 0.29876 0.26014 0.5352 0.7461
0.040662 6.5495 0.06287 0.64959 0.020919 2.0332 0.27562 0.18912 0.91242 0.65091
0.087412 1.8832 0.18346 0.2297 0.13775 0.00019722 0.11649 0.46303 0.38764 0.37229
0.12609 3.1906 0.089386 0.27206 0.044506 1.2424 0.11992 0.53358 0.25471 1.2187
0.03529 4.458 0.27066 0.31627 0.047094 1.0014 0.33198 0.31852 0.39529 1.3942
0.050773 2.6267 0.52802 0.31899 0.02818 0.63995 0.31908 0.22801 0.58887 0.24201
0.0038622 0.67865 0.001109 0.17193 0.017474 0.22047 0.0014344 0.08636 2.0495 2.6274
0.0028774 1.0082 0.00080436 1.0411 0.024882 1.3643 0.0049801 0.03377 2.2724 0.97894
0.038953 4.3012 0.62242 0.49261 0.035242 2.3054 0.16012 0.22798 0.45065 0.2956
0.075692 3.8636 0.061746 1.3656 0.17847 1.5217 0.21114 1.067 0.5057 1.1138
0.047284 5.9014 0.037398 0.59263 0.01475 2.5523 0.26086 0.38817 0.56519 1.1579
0.11256 4.8368 0.33699 0.68129 0.055829 2.9857 0.38256 0.30072 0.96153 0.38168
0.11952 5.1177 0.29252 0.54066 0.13241 2.0161 0.34199 0.89936 0.91701 0.75312
0.028656 2.5531 0.064562 0.39323 0.12453 0.90778 0.17652 0.61327 0.5173 0.96706
0.059072 2.7804 0.0072978 0.62417 0.096944 0.92144 0.34863 0.77055 1.0679 0.20146
0.031952 3.5192 0.027305 1.0826 0.19907 1.6405 0.26752 1.1586 1.2257 0.12814
0.055326 9.4284 0.03235 0.82747 0.26642 1.4145 0.31402 1.9438 0.9234 1.4283
0.081125 14.577 0.016059 0.52266 0.34973 0.41628 0.29166 2.1232 0.90197 1.3751
0.047206 12.102 0.031672 0.79229 0.18751 1.859 0.28426 1.1634 0.94745 1.4255
0.059563 17.851 0.067908 0.0080966 0.05542 2.5722 0.31647 0.74426 0.81878 1.6411
0.049433 25.056 0.023681 0.29342 0.06117 3.5774 0.35074 0.53924 0.60429 1.2737
0.044021 22.805 0.021532 0.5126 0.37467 2.7599 0.34218 0.44158 2.008 1.4048
0.074947 9.2641 0.19986 0.34288 0.31003 3.4227 0.44401 0.010713 0.52384 0.5219
0.088935 5.2996 0.36479 0.43306 0.20055 2.1377 0.41655 0.24232 1.2315 0.45383
0.067969 2.8581 0.02413 0.33489 0.024263 1.192 0.4372 0.41424 1.4482 0.099428
0.043343 4.7002 0.062057 0.27668 0.073849 2.2206 0.38564 1.0967 1.9499 0.56078
0.2599 9.9142 0.090522 0.72196 0.074952 1.8352 0.72617 1.3973 3.4924 0.44621
0.10974 14.058 0.054364 0.5236 0.055889 2.6128 0.71149 0.7527 2.3183 0.93984
0.0041894 14.333 0.0025007 0.13945 3.2677 3.0116 0.28035 0.18955 2.2941 0.777
0.31239 17.148 0.3119 0.46381 0.5738 0.6721 0.44844 3.7196 2.8438 0.63507
0.051945 14.639 0.18529 0.59943 0.23127 1.3268 0.63759 1.6869 2.8432 1.2595
0.10157 2.47 0.065161 0.3335 0.071578 0.99193 0.26303 0.92394 1.3071 0.2382
0.13906 3.6347 0.015517 0.54601 0.10217 1.2593 0.35456 1.3646 1.545 0.41802
0.047589 8.4453 0.045704 0.93617 0.14512 0.79095 0.57062 1.4913 4.3538 0.43225
0.089311 9.3163 0.26491 2.1893 0.15434 2.6558 0.41368 0.89795 1.9529 1.8544
0.075102 11.814 0.014801 0.63757 0.20769 2.2229 0.10624 0.83857 0.47269 5.6245
0.090268 11.254 0.029836 0.55406 0.18746 1.6275 0.25544 1.6394 0.88674 4.1435
0.17192 11.77 0.20709 0.30504 0.13279 1.7154 0.23382 1.1316 0.42809 7.4443
0.028342 6.0293 0.015976 0.27804 0.0029297 3.7798 0.52381 0.056796 0.41279 1.8434
0.010098 1.6162 0.20782 0.37492 0.083696 1.61 1.6861 0.15615 0.35938 0.22458
0.071383 1.3399 0.20303 0.097638 0.3565 1.6144 0.088429 0.21032 0.39871 0.37465
0.25204 2.0117 0.25743 0.71263 0.37639 2.2977 0.21138 0.70797 1.6064 0.58027
0.26307 0.4414 0.26011 0.55513 0.083138 0.40212 0.37544 0.64663 1.6151 0.020595
0.20383 1.4679 0.22763 0.80332 0.13517 1.6048 0.29929 1.8165 2.649 0.26071
0.057434 0.6285 0.049764 0.64384 0.22187 1.3363 0.39178 1.6512 2.6712 0.016667
0.15902 3.3272 0.052429 0.77227 0.12224 1.2075 0.58076 1.6822 4.4131 0.46374
0.093828 12.211 0.044743 0.46256 0.2419 0.88001 0.46647 3.8732 2.4476 3.4911
0.05256 17.497 0.025286 0.36349 0.1934 2.3411 0.48374 0.93722 1.4029 4.2358
0.10032 19.253 0.040477 0.5681 0.097817 4.1803 0.66434 0.99915 1.807 5.1852
0.073291 9.9027 0.0079417 0.78633 0.11217 2.0898 0.30981 0.36118 2.243 1.1523
0.25514 9.6688 0.22077 0.78475 0.83481 0.00044695 0.27163 0.12125 3.1181 1.1982
0.19721 9.7424 0.13225 0.72888 0.55879 1.3213 0.42549 0.21097 1.7165 0.50978
0.12238 4.2025 0.27154 0.73909 0.44992 1.4433 0.54959 1.3299 2.052 0.99568
0.045534 4.3777 0.38426 0.72656 0.22201 0.001746 0.1818 0.61717 0.74115 1.3729
0.015094 3.0715 0.12487 0.50278 0.017073 1.4041 0.1913 0.25186 0.34702 0.62851
0.055567 1.3975 0.022625 1.1009 0.2093 0.0014703 0.3826 1.0889 1.7355 0.5515
0.022922 2.2835 0.20211 0.77893 0.030904 1.4192 0.34658 0.12704 0.80881 0.99925
0.084685 1.259 0.033588 0.44301 0.28254 2.0016 0.3053 1.261 1.615 0.46096
0.17255 1.9437 0.13476 0.80788 0.083856 2.9142 0.45417 0.84743 1.9614 1.1443
0.26688 4.2146 0.30786 0.94078 0.055617 2.0666 0.40947 1.155 2.4457 1.5824
0.074834 5.1573 0.035676 0.58206 0.084183 2.8612 0.26097 1.8178 1.2567 3.2996
0.056254 7.759 0.059513 0.2969 0.069554 2.0213 0.22627 0.78746 0.83081 4.931
0.064297 4.3868 0.11898 0.39415 0.039736 1.1211 0.15883 0.096898 0.73743 2.3785
0.036365 0.29227 0.017255 0.63339 0.1288 1.7263 0.21937 0.43154 0.9662 0.10581
0.076608 0.55771 0.019896 1.0055 0.10147 2.0546 0.22744 0.95189 2.6274 1.9441
0.29013 1.7666 1.0746 1.1238 0.099408 0.44736 0.39123 1.3023 1.3847 1.1796
0.025955 1.6061 0.0037825 0.35158 0.046536 1.291 0.33041 0.19836 2.4034 1.706
0.024129 1.8825 0.029187 0.26341 0.083446 1.2947 0.33109 0.50849 1.3631 1.6374
0.035406 2.8736 0.78185 1.3219 0.041286 2.0576 0.3389 0.45969 1.3159 2.3018
0.16488 1.8833 0.078895 0.48961 0.081495 2.2418 0.36333 0.2744 0.49569 2.0256
0.20015 2.0393 0.10275 0.97945 0.21188 3.9591 0.14015 0.82134 1.3139 5.0807
0.093981 2.8029 0.14348 0.83584 0.15134 3.0243 0.2445 1.6494 2.8088 5.0356
0.11648 6.5215 0.11004 0.5324 0.51144 1.9164 0.35413 2.9645 1.567 10.828
0.076929 3.5597 0.065267 0.25876 0.2586 0.28402 0.20356 1.3962 0.72209 9.2022
0.069008 4.9181 0.015521 0.60918 0.10333 2.2465 0.00054708 1.1128 0.89009 8.3049
0.057492 6.6725 0.029333 0.20848 0.083868 2.8941 0.17327 1.1399 0.21072 5.8318
0.047205 3.8441 0.021586 0.79791 0.032042 1.2882 0.03485 0.16458 0.21334 3.3802
0.034867 6.5532 0.0064285 0.37592 0.08575 1.313 0.088331 0.22727 0.042361 5.1696
0.04849 7.4069 0.01705 0.17453 0.067682 2.2891 0.034046 0.62447 0.25887 7.5478
0.035302 3.8912 0.090961 0.14401 0.049593 0.62612 0.10922 0.88763 0.24748 3.347
0.078709 3.5981 0.19516 0.24718 0.46799 2.1523 0.15136 0.60667 0.36412 7.3914
0.027027 3.1642 0.055949 0.11841 0.26064 1.6395 0.082207 0.31227 0.70923 6.1862
0.024803 1.522 0.026454 0.29072 0.10023 1.0429 0.1495 0.35067 0.8696 5.2805
0.024618 1.8535 0.00791 0.63879 0.043937 0.0026106 0.086551 0.31463 0.56012 4.0387
0.039075 3.3151 0.11184 0.0035452 0.13319 3.2704 0.12548 0.24453 0.81163 7.6597
0.03378 0.97818 0.055893 0.20084 0.14111 1.348 0.0082633 0.67637 0.45916 1.1362
0.056497 4.582 0.053928 0.26633 0.15125 2.4121 0.17905 0.32534 0.76255 6.5233
0.37066 1.8458 0.92644 0.34789 0.23945 1.8683 0.26066 0.18615 0.97948 1.685
0.016192 5.4431 0.010837 0.52828 0.0063766 4.2966 0.1978 0.059739 0.22224 0.37359
0.020756 2.3129 0.048212 0.41051 0.077873 2.8957 0.32198 0.16258 0.3097 0.98589
0.019885 2.3324 0.017508 0.47396 0.067678 1.643 0.16878 0.34149 0.52959 2.8591
0.16449 1.8428 0.16303 0.40907 0.47646 3.4682 0.30011 0.34685 2.487 4.7502
0.33245 0.42635 0.15503 0.70272 1.0906 2.5203 0.2249 0.09121 1.2163 1.1014
0.16842 1.1959 0.053124 0.83146 0.10391 2.6281 0.17752 0.21908 1.0758 1.8711
0.023844 6.3218 0.0091389 0.19279 0.10291 2.8604 0.10802 0.33107 0.26506 10.279
0.043776 1.7635 0.083645 0.19819 0.089882 2.4817 0.1303 0.82055 0.79321 10.016
0.11166 2.9101 0.028964 0.95863 0.16119 3.7527 0.21938 0.7472 1.1958 10.67
0.029772 2.3633 0.11802 0.52465 0.10291 3.572 0.26476 0.10413 0.58305 6.0005
0.21378 0.39143 0.23286 0.61768 0.25239 3.2526 0.26621 0.48616 2.5682 7.1611
0.14377 0.057279 0.39144 0.91706 0.16096 0.29136 0.51193 1.396 3.7441 1.2929
0.086619 1.9696 0.15236 0.50944 0.31522 1.8616 0.37099 0.45888 1.7848 4.0043
0.06176 1.795 0.059026 0.13109 0.32969 1.5038 0.45124 0.3728 2.3023 4.175
0.071633 1.962 0.049205 0.99183 0.14182 1.7878 0.42038 0.48044 2.4699 6.6259
0.12829 0.75094 0.052097 2.4146 0.24272 4.4252 0.24904 0.89196 1.6689 5.688
0.052867 1.651 0.0040429 0.69277 0.28129 0.6126 0.17117 0.88802 0.8705 1.8735
0.059578 2.3392 0.023281 0.18233 0.12444 1.4325 0.14111 0.91804 0.51491 8.8833
0.095956 1.7657 0.13779 0.48677 0.61303 3.0186 0.079897 0.69879 3.5865 12.579
0.48046 2.6773 0.1092 1.5089 0.14971 3.0947 0.00034476 0.53211 1.7964 7.7884
0.067786 0.8856 0.15701 0.64707 0.11436 0.9867 0.27964 0.12091 0.71939 1.0287
0.0077396 0.22567 0.019798 0.81477 0.13674 0.0021228 0.33942 0.025292 1.8547 0.33878
0.091872 0.53832 0.13569 0.36729 0.099319 0.00296 0.26108 0.091003 1.4468 0.96574
0.089713 0.68989 0.22778 0.725 0.1512 1.5874 0.38502 0.67012 1.4252 3.5812
0.08698 1.4588 0.12002 0.24096 0.082227 0.26381 0.26216 1.3504 0.41752 5.4791
0.13805 2.2114 0.23216 0.55317 0.14584 1.5923 0.19801 0.86099 0.20846 7.6616
0.065952 2.3337 0.032544 0.38936 0.22004 1.5675 0.10406 0.47617 0.83275 10.721
0.21428 2.8843 0.40538 0.86709 0.30362 2.0297 0.1813 0.26354 0.687 12.816
0.17848 2.8159 0.0055937 0.56001 0.57777 3.6746 0.11531 0.25307 0.086251 9.0658
0.10283 1.0137 0.0022549 0.74238 0.079776 2.3424 0.24287 0.26208 0.6734 6.1416
0.16233 0.2655 0.028543 1.1716 0.16423 2.453 0.38977 0.91424 1.804 4.9707
0.35647 2.3081 0.17531 2.7301 0.24315 0.071396 0.44739 1.8273 3.4729 8.3604
0.3167 4.2471 0.1252 2.126 0.42212 0.19676 0.58599 1.8026 5.2195 10.463
0.11143 3.6557 0.0072653 0.98333 0.12823 2.4484 0.00064171 1.1081 1.6228 6.8374
0.05261 6.7662 0.016989 0.33111 0.16782 1.7279 0.28094 0.89477 0.097293 12.948
0.11645 2.0022 0.0049873 0.75218 0.068877 2.5366 0.2054 0.35584 0.8158 12.7
0.18018 1.1584 0.011225 1.1741 0.31569 2.4925 0.34445 0.63139 1.1349 3.373
0.08077 2.8399 0.055793 1.0745 0.089918 2.3096 0.17518 0.49669 0.37879 8.5195
0.045386 6.8652 0.012219 0.59731 0.17215 4.0516 0.23141 0.41863 0.030595 5.1169
0.023854 2.8941 0.006724 0.57044 0.028067 0.00031369 0.3519 0.078188 0.46879 0.28276
0.055294 2.07 0.013116 0.22985 0.15886 1.3722 0.26282 0.44656 0.38918 5.7882
0.024773 0.40822 0.0089143 0.17069 0.02256 1.2812 0.26995 0.1663 0.91659 0.25757
0.055575 0.4739 0.00047444 0.38624 0.074522 1.1956 0.16428 0.22262 0.96269 0.79157
0.048912 1.3714 0.0070317 0.30655 0.049935 1.3784 0.14361 0.21333 0.65446 3.0155
0.23607 0.037024 0.0134 1.08 0.15846 0.85017 0.23087 0.86425 2.1741 2.8094
0.014663 1.3286 0.0070582 0.22971 0.053363 0.87596 0.15212 0.15466 0.68125 6.5185
0.010395 1.7491 0.02769 0.21792 0.016839 2.3596 0.058103 0.00065147 0.42114 6.2524
0.085792 2.1802 0.0025331 0.63784 0.30761 5.0718 0.15101 0.015168 0.57892 9.1769
0.24894 2.6295 0.0029953 0.83399 0.1985 2.236 0.094721 0.14032 0.69375 7.8736
0.1608 1.8275 0.011783 0.58119 0.30363 3.3838 0.04473 0.36318 0.26541 5.8339
0.095215 2.0339 0.0071731 1.0965 0.06184 4.6673 0.14182 0.18955 0.66779 2.4997
0.026507 3.5297 0.0062911 0.54661 0.0080978 1.6915 0.19373 0.028415 0.26541 2.4332
0.056582 1.0371 0.012271 0.3088 0.56109 0.32215 0.10439 1.6327 0.5778 2.5859
0.034144 1.5291 0.0075222 0.14146 0.082556 0.3222 0.22345 0.81403 0.1452 5.6908
0.044644 2.7981 0.0049765 0.27613 0.25764 0.76544 0.11117 0.53271 0.036904 4.1031
0.047616 4.1223 0.028434 0.84929 0.08602 1.4177 0.14164 0.54737 0.77378 7.0174
0.068005 2.0407 0.018136 1.02 0.076139 3.1622 0.10397 0.40261 0.54069 8.2379
0.023421 2.6842 0.003745 0.27992 0.031977 2.2605 0.20176 0.12579 0.13462 6.8416
0.038501 3.1358 0.012528 0.47015 0.031763 1.5952 0.13745 0.29836 0.48142 9.5324
0.043843 1.2175 0.0039425 0.35401 0.061243 1.1334 0.21415 0.41193 1.2297 1.9128
0.01945 0.024716 0.0028384 0.37759 0.036635 0.21844 0.22215 0.448 2.6641 0.20097
0.04465 0.057901 0.0040279 0.37726 0.035022 0.68846 0.34325 0.32807 1.4338 1.0409
0.20612 0.047536 0.74434 2.2135 0.10866 0.99652 0.24604 0.55552 1.628 2.7342
0.043237 0.28233 0.42903 0.9062 0.48668 1.8916 0.26772 0.63835 1.8465 5.1342
0.023467 0.22368 0.0089002 0.24014 0.10435 0.69162 0.21203 0.56551 1.3977 4.0975
0.12795 0.017964 0.24885 0.43352 0.07955 0.93665 0.22004 0.42437 2.8966 4.0157
0.065597 0.86475 0.024664 0.2785 0.068201 0.93023 0.2594 0.54789 0.68952 4.7522
0.040447 0.1765 0.0062548 0.43392 0.043234 0.54665 0.25788 0.35076 1.4244 2.8902
0.087913 0.73451 0.071634 0.79061 0.17734 1.4736 0.31129 0.4834 0.56469 5.2254
0.029796 1.0418 0.65142 0.84651 0.29498 0.82374 0.30789 0.15516 0.69973 3.5693
0.13229 0.67758 0.0052861 0.31789 0.050982 1.807 0.13177 0.67111 0.50792 7.3369
0.026017 1.3732 0.017709 0.30802 0.059379 1.2535 0.30739 0.55568 1.0529 5.7967
0.033963 0.74275 0.0024804 0.50499 0.055557 0.0016887 0.18883 0.24026 1.6655 5.0436
0.049331 0.46693 0.0072701 0.42221 0.037067 1.0264 0.27855 0.13915 1.104 2.8039
0.64842 0.89611 0.50481 1.0836 0.25504 0.0013758 0.04556 0.16942 1.134 3.443
0.16749 0.87462 0.10102 1.573 0.087904 0.00087036 0.20849 0.52762 1.4127 5.4206
0.03019 1.8522 0.0026982 0.68044 0.030673 1.7214 0.22203 0.15197 0.61663 5.384
0.023501 1.0636 0.019809 0.54183 0.054046 1.1504 0.25377 0.17462 1.1716 4.5444
0.00078968 2.7686 0.00031217 3.1856 0.0033016 0.84478 0.00038893 0.005014 1.5268 6.187
0.0033277 4.9226 0.00092086 0.10986 0.06186 3.3854 0.0069651 0.039313 0.30639 0.20406
0.032929 5.3887 0.0002035 0.21796 0.098132 1.9782 0.19502 0.11536 0.72358 12.729
0.042182 4.3289 0.31836 0.1108 0.082867 2.2594 0.036356 0.19376 0.41896 6.8889
0.0030412 3.9295 0.00083235 0.11242 0.039114 2.9153 0.0069881 0.044423 1.8145 0.36023
0.0018503 4.627 0.00054645 2.0015 0.015794 2.7719 0.0094346 0.010112 1.0682 0.089752
0.046946 6.8309 0.0061478 0.543 0.021154 3.4097 0.22638 0.13079 0.25086 3.3611
0.031899 1.074 0.0057734 0.25501 0.028023 0.00056711 0.17095 0.25487 0.57327 1.1734
0.075658 0.35408 0.32026 0.41701 0.075941 1.1336 0.35488 0.49991 2.6574 4.0505
0.032536 1.5263 0.024358 0.57177 0.15568 0.89259 0.11265 1.1446 1.1611 9.4608
0.009652 1.2115 0.070049 0.22636 0.25588 1.4305 0.36428 0.2007 0.71851 3.8841
0.087465 1.433 0.10721 0.69313 0.12015 2.8635 0.10238 0.40212 0.54565 6.9554
0.022625 1.1442 0.04672 0.5148 0.11969 2.9698 0.09334 0.25667 0.73403 6.1377
0.04413 3.0547 0.01972 0.29683 0.11783 0.9883 0.14526 0.59924 0.70393 6.7366
0.032305 1.607 0.017753 0.18975 0.16698 1.4681 0.24061 0.81806 0.86344 3.5757
0.33855 0.10987 0.059181 0.90774 0.10614 0.0010295 0.51009 0.67618 1.7716 1.3056
0.25305 0.50229 0.07329 1.1882 0.32779 0.12796 0.45629 2.597 3.0089 0.10444
0.025231 2.1742 0.0060526 0.34224 0.043014 2.8258 0.10107 0.35382 0.045512 7.5119
0.0017145 2.7672 0.039423 0.10943 0.020436 1.6192 0.12157 0.18427 0.0010888 3.803
0.033537 2.2834 0.035912 0.50544 0.19477 0.0011067 0.44049 0.98189 0.18823 4.7979
0.066983 5.07 0.068398 0.5278 0.18248 0.0012027 0.16159 0.54761 0.18952 6.2175
0.12449 6.8783 1.1354 0.44005 0.080953 1.288 0.00042459 0.078452 0.17732 5.109
0.031869 3.2575 0.050422 0.38475 0.12546 1.4261 0.18266 1.634 0.55367 9.4736
0.070854 3.7254 0.069098 0.57542 0.071972 2.8598 0.18681 0.57466 0.99492 5.1466
0.098289 10.043 0.096733 0.43302 0.091761 2.4529 0.27432 1.1225 0.52752 11.003
0.053886 9.8213 0.073793 0.025331 0.36985 1.0436 0.14771 0.35041 0.40474 9.2084
0.027792 5.8701 0.030247 0.10494 0.29115 1.0642 0.1724 0.2334 0.55385 6.7875
0.040019 2.445 0.044875 0.22414 0.32725 0.69315 0.14859 0.156 0.79245 3.9302
0.044491 2.2578 0.01092 0.54438 0.055814 0.47874 0.22537 0.57619 0.97851 5.132
0.055562 4.9651 0.052136 0.431 0.067822 1.7723 0.18732 0.39151 0.61349 9.059
0.061861 7.5436 0.038629 0.30292 0.15325 1.4275 0.27898 1.4855 0.18582 12.171
0.082524 6.2422 0.041775 0.90856 0.26583 0.92274 0.18874 2.6401 0.59413 4.5145
0.07201 8.4405 0.03732 0.36188 0.047475 3.1339 0.12574 0.22159 0.14969 10.743
0.030014 5.0872 0.03541 0.18427 0.26304 1.3937 0.50911 0.056537 1.1422 5.1099
0.037139 3.1669 0.01167 0.21376 0.076396 1.4847 0.33663 0.44362 1.4859 4.9075
0.074246 5.7774 0.22152 0.25951 0.048755 2.3766 0.18704 0.13918 0.86153 6.4467
0.038876 4.4012 0.011369 0.3741 0.075141 1.6108 0.22403 0.34508 0.29684 7.4503
0.060621 6.6252 0.50983 0.2499 0.1174 1.9276 0.29461 0.30378 1.2405 9.3538
0.065731 6.0383 0.041553 0.26245 0.23609 1.8388 0.32486 0.24718 0.89641 10.699
0.18332 2.5057 0.0017462 0.44919 0.082346 1.4629 0.4641 0.033631 0.59507 3.1022
0.045555 1.5608 0.035333 0.47905 0.054561 0.78539 0.33831 0.28554 0.97791 3.9965
0.07458 2.503 0.25306 0.74212 0.04742 2.3625 0.33288 0.1855 1.343 8.0007
0.064234 7.3876 0.77664 1.2261 0.12097 2.2245 0.35545 0.26796 1.0303 7.7099
0.6107 6.6215 0.053701 0.24496 0.32853 2.3412 0.33979 0.85601 0.38812 13.386
0.031604 13.01 0.021423 0.016085 0.061562 1.8368 0.10511 0.18544 0.39292 9.6023
0.080541 11.876 0.016284 0.21861 0.056031 1.5361 0.25794 0.10397 0.8208 9.3131
0.054389 7.7378 0.04862 0.52527 0.084403 2.7665 0.31295 0.32219 1.1001 9.2935
0.06291 8.3664 0.10288 0.61736 0.092367 2.6823 0.3499 1.8599 2.2214 7.0101
0.061628 8.1805 0.033531 0.58075 0.14097 3.208 0.23685 2.2053 1.1176 10.093
0.026093 3.4199 0.18051 0.030395 0.060398 2.0149 0.94195 0.13182 0.5724 5.1223
0.020438 0.58123 0.023386 0.20932 0.068917 1.5805 0.93523 0.74017 0.41181 2.4458
0.24581 2.9965 0.046844 0.074811 0.024175 1.4512 0.25321 0.30345 0.90395 4.4056
0.12919 0.96415 0.036991 0.30638 0.2151 1.9714 0.61179 0.40771 3.5538 1.459
0.083515 2.7151 0.040227 0.75227 0.22986 3.6017 0.63859 0.22034 2.8673 1.9004
0.11431 2.3185 2.4857 0.5696 0.29667 3.5062 0.29316 0.086374 1.0587 1.4194
0.036685 0.88165 0.26649 0.391 0.14151 1.5598 0.39678 1.3381 1.2935 1.9052
0.053794 0.97741 0.36066 0.50331 0.15423 2.1586 0.2792 0.58652 1.5517 2.4405
0.019698 2.011 0.00049626 0.28165 0.015576 2.4247 0.42343 0.10494 1.0863 2.2333
0.012685 2.3129 0.0084577 0.24852 0.014686 1.2843 0.14344 0.14281 0.32256 1.5635
0.012766 3.0946 0.0098674 0.17207 0.020204 0.50669 0.10018 0.14151 0.44978 2.7468
0.046962 2.0892 0.030626 0.16524 0.059738 0.87656 0.27639 0.19455 1.2516 3.5648
0.11689 2.034 0.073187 0.45946 0.503 2.5696 0.28326 0.092882 0.94819 1.589
0.0018044 1.9418 0.00054104 2.9527 0.01229 1.7892 0.0088447 0.0083851 0.78066 0.32672
0.042564 2.8808 0.052952 0.62393 0.027964 2.127 0.75115 0.095281 1.3686 0.35123
0.096059 3.6028 0.068815 0.4433 0.047862 1.7824 0.45835 0.019935 1.1482 0.44175
0.045868 4.7224 0.15626 0.44195 0.060052 1.7008 0.52584 0.069382 0.89449 1.072
0.035827 2.2498 0.0089675 0.001443 0.020668 1.168 0.086075 0.34921 0.26847 5.2316
0.055802 4.8371 0.073578 0.066008 0.04559 1.4824 0.15549 0.40823 0.41846 7.7734
0.043675 5.7577 0.030289 0.12563 0.060759 1.6278 0.095227 0.70975 0.34188 3.1698
0.070044 3.3252 0.047724 0.68118 0.1575 0.92656 0.2506 1.7603 0.51082 3.5096
0.096073 1.2361 0.063844 0.70771 0.21035 0.51311 0.5861 2.1504 2.8191 5.0427
0.19789 1.2896 0.13148 1.9305 0.19477 0.14861 0.75078 2.3054 8.5104 3.5763
0.30074 2.5659 0.083345 1.9481 0.73824 1.5947 0.58495 1.0196 2.5212 7.3445
0.036813 2.9896 0.010976 0.8302 0.051095 2.1446 0.45499 0.21425 0.79446 2.3781
0.044229 4.9588 0.63375 0.83366 0.097322 1.5517 0.97831 0.2224 1.8059 1.6761
0.019342 2.4787 0.26611 0.68415 0.088449 1.0287 1.3791 0.073993 2.0814 0.13279
0.020756 5.0797 0.079124 0.60062 0.023736 2.1453 1.7519 0.18232 0.54331 0.3547
0.023675 6.1501 0.023059 0.068457 0.047055 1.7782 0.46248 0.32099 0.33933 9.2257
0.22598 6.0909 0.0067817 0.61839 0.11293 2.7133 0.95005 0.089758 0.15454 2.9964
0.07853 2.1266 0.0045022 0.35643 0.069826 0.7413 0.08128 0.19371 0.3191 0.031578
0.10337 0.35802 0.011182 0.11509 0.04795 0.84364 0.69742 0.65764 2.2508 6.8597
0.062182 1.4501 0.055413 0.46888 0.062682 2.7233 0.71245 0.92242 1.9914 2.5845
0.036059 3.9961 0.015071 0.70768 0.028037 2.4977 0.64339 0.25248 0.5061 1.7659
0.30734 4.6894 0.074706 0.75236 0.10238 1.3752 0.0036611 1.219 0.046937 3.8416
0.12042 1.8277 0.049958 0.64222 0.26923 1.6584 1.1152 1.6405 2.2516 3.0513
0.17517 7.6506 0.06089 0.83816 0.060607 2.7802 0.83907 0.51928 1.4399 3.081
0.055793 9.4622 0.048606 0.31911 0.15074 1.8117 0.77943 1.3008 2.2114 5.6155
0.13311 9.9356 0.034497 0.48727 0.072621 3.1167 0.50219 1.5442 0.99407 8.1701
0.026485 6.3868 0.026179 0.78429 0.016335 2.8289 0.87696 0.20116 1.2314 0.38863
0.088634 3.8617 0.40448 0.6237 0.1002 2.1653 0.58879 0.88673 1.2194 1.4447
0.066485 8.0346 0.019988 0.24128 0.076939 2.6248 0.24419 0.75242 1.7732 5.0501
0.11313 2.5502 0.043529 0.82137 0.075259 2.3433 0.78545 1.27 1.3197 2.5071
0.025126 6.6472 0.020122 0.39386 0.049875 2.7727 0.58962 0.14178 0.16135 2.6815
0.051775 0.36553 0.25788 0.5164 0.20633 2.111 0.91508 0.47781 1.8718 0.12543
0.04177 2.685 0.03243 0.71196 0.10773 1.3451 0.63552 0.99664 0.86691 1.5046
0.028717 3.6409 0.041921 0.22476 0.12144 1.5649 0.49163 0.36329 0.72752 1.3209
0.027013 8.6624 0.017353 0.10465 0.06792 2.7009 0.32977 0.47453 0.41172 6.4516
0.0088076 6.0045 1.6 3.5489 0.067316 1.457 1.9391 0.016326 0.033837 1.1679
0.081814 3.6277 0.0074376 2.1141 0.1661 2.1103 1.8715 0.080832 0.23773 0.39594
0.0045011 1.3938 0.0012647 0.0038127 0.0036381 0.001011 0.23595 0.1039 0.20971 2.931
0.011611 1.3726 0.0060022 0.35127 0.024279 0.95317 0.48714 0.37177 1.1754 0.1324
0.16782 1.4365 0.03153 0.7163 0.1667 2.0248 0.43788 0.63362 2.2538 0.36416
0.25566 2.3481 0.10991 0.70456 0.337 2.704 0.46475 0.34967 1.5172 0.6817
0.056394 3.1625 0.050848 0.27982 0.3533 1.5556 0.40004 0.61156 0.778 1.2387
0.050093 12.37 0.007454 0.35049 0.083098 2.3287 0.37659 0.32339 0.17317 3.1754
0.079233 15.638 0.027347 0.083627 0.28155 1.859 0.49087 1.2421 0.015312 4.8806
0.022565 12.617 0.0043913 0.32732 0.036738 3.2413 0.33902 0.1701 0.0054026 3.1171
0.074223 9.603 0.058766 0.65587 0.072461 2.719 0.02817 0.59227 0.87563 2.7594
0.032648 3.3128 0.014342 0.24977 0.19022 1.8173 0.29969 0.23355 0.92366 0.76655
0.048988 0.967 0.056821 0.36752 0.059281 1.2065 0.28349 0.91077 1.828 1.8203
0.087904 1.4775 0.021703 0.876 0.23499 0.00035642 0.61707 2.5666 4.0895 1.5516
0.12825 3.7804 0.043911 1.2791 0.23511 1.7981 0.69875 1.6673 3.4181 2.0349
0.16066 4.9495 0.024149 2.2497 0.075305 2.0385 0.44337 0.97373 1.5507 6.5057
0.088994 2.7583 0.029537 0.41175 0.068114 2.1775 0.27269 0.67853 0.84513 2.311
0.047988 3.0881 0.04319 0.78508 0.063332 3.1823 0.22828 0.78594 1.3071 0.25006
0.076834 2.3444 0.056682 0.95398 0.2705 1.4419 0.42924 0.76308 3.0645 1.526
0.41608 2.5828 0.0203 0.62057 0.29525 2.3264 0.64522 0.23245 1.7794 2.9943
0.037592 0.18987 0.034035 0.52027 0.18073 1.0118 0.57066 0.9328 3.1215 0.21186
0.064928 1.4961 0.12643 1.1054 0.53092 1.687 0.42591 0.40286 2.28 0.31661
0.037054 2.1219 0.027358 0.19588 0.35951 1.1108 0.35984 0.18751 1.3507 1.9956
